######################################################################
# Model Parameters
#               name        ave         errg        errf
#---------------------------------------------------------------------
######################################################################
# BGL parametrization
######################################################################
CorrelatedGaussianParameters   MVlnuFF 12
ModelParameter  af0            0.009694342	0.000322439	0.		
ModelParameter  af1            0.006409076	0.004572098     0.
ModelParameter  af2            -0.04329654      0.1101887      	0.
ModelParameter  ag0            0.02544347       0.001161415	0.      
ModelParameter  ag1            -0.04100353      0.01888023	0.      
ModelParameter  ag2            -0.3226038       0.1857065       0.
ModelParameter  aF11           -0.003339761     0.001222842     0.
ModelParameter  aF12           -0.02075444      0.2150902       0.
ModelParameter  aF13           -0.1833991       0.06438808      0.
ModelParameter  aF21           -0.1725554       0.03259447      0.
ModelParameter  aF22           -0.03395368      0.2128360       0.
ModelParameter  aF23           -0.1685026       0.418311        0.
1. 0. 0. 0. 0. 0. 0. 0. 0. 0. 0. 0.
0. 1. 0. 0. 0. 0. 0. 0. 0. 0. 0. 0.
0. 0. 1. 0. 0. 0. 0. 0. 0. 0. 0. 0.
0. 0. 0. 1. 0. 0. 0. 0. 0. 0. 0. 0.
0. 0. 0. 0. 1. 0. 0. 0. 0. 0. 0. 0.
0. 0. 0. 0. 0. 1. 0. 0. 0. 0. 0. 0.
0. 0. 0. 0. 0. 0. 1. 0. 0. 0. 0. 0.
0. 0. 0. 0. 0. 0. 0. 1. 0. 0. 0. 0.
0. 0. 0. 0. 0. 0. 0. 0. 1. 0. 0. 0.
0. 0. 0. 0. 0. 0. 0. 0. 0. 1. 0. 0.
0. 0. 0. 0. 0. 0. 0. 0. 0. 0. 1. 0.
0. 0. 0. 0. 0. 0. 0. 0. 0. 0. 0. 1.
#1.000000 -4.260980e-2 -9.036000e-2 1.539569e-2 3.085964e-2 -2.810703e-2 3.321786e-2 4.357417e-2 8.155970e-3 1.636808e-2 -1.082047e-2 6.721233e-2
#-4.260980e-2 1.000000 -2.397892e-1 -1.110195e-2 1.981576e-1 8.360785e-2 8.680938e-2 1.346052e-1 -6.407529e-2 1.651837e-1 -1.677914e-2 -7.661714e-2
#-9.036000e-2 -2.397892e-1 1.000000 3.904933e-2 3.358288e-2 -8.574877e-2 -9.879408e-3 -6.093970e-2 1.026653e-1 -3.946599e-3 -4.975158e-2 1.368709e-1
#1.539569e-2 -1.110195e-2 3.904933e-2 1.000000 3.137732e-2 -1.977980e-2 -1.031814e-1 -3.196584e-3 2.997057e-2 3.132719e-3 7.185687e-3 6.511185e-2
#3.085964e-2 1.981576e-1 3.358288e-2 3.137732e-2 1.000000 -2.259620e-1 5.018970e-1 2.592014e-2 6.102664e-2 4.442480e-1 3.592509e-3 -7.462923e-2
#-2.810703e-2 8.360785e-2 -8.574877e-2 -1.977980e-2 -2.259620e-1 1.000000 -1.442446e-1 1.019264e-1 -1.483604e-1 -8.222030e-2 1.059147e-1 2.207653e-2
#3.321786e-2 8.680938e-2 -9.879408e-3 -1.031814e-1 5.018970e-1 -1.442446e-1 1.000000 -1.431589e-1 1.030464e-1 5.892766e-1 -2.118008e-2 -7.518053e-2
#4.357417e-2 1.346052e-1 -6.093970e-2 -3.196584e-3 2.592014e-2 1.019264e-1 -1.431589e-1 1.000000 -3.766002e-1 5.088530e-1 3.707503e-1 1.354420e-2
#8.155970e-3 -6.407529e-2 1.026653e-1 2.997057e-2 6.102664e-2 -1.483604e-1 1.030464e-1 -3.766002e-1 1.000000 -6.970016e-2 -2.970671e-2 1.055039e-3
#1.636808e-2 1.651837e-1 -3.946599e-3 3.132719e-3 4.442480e-1 -8.222030e-2 5.892766e-1 5.088530e-1 -6.970016e-2 1.000000 -7.904072e-2 3.079922e-2
#-1.082047e-2 -1.677914e-2 -4.975158e-2 7.185687e-3 3.592509e-3 1.059147e-1 -2.118008e-2 3.707503e-1 -2.970671e-2 -7.904072e-2 1.000000 -2.674344e-1
#6.721233e-2 -7.661714e-2 1.368709e-1 6.511185e-2 -7.462923e-2 2.207653e-2 -7.518053e-2 1.354420e-2 1.055039e-3 3.079922e-2 -2.674344e-1 1.000000
######################################################################
ModelParameter  mBcstV1        6.329      0.          0.
ModelParameter  mBcstV2        6.920      0.          0.
ModelParameter  mBcstV3        7.020      0.          0.
ModelParameter  mBcstV4        7.280      0.          0.
ModelParameter  mBcstA1        6.739      0.          0.
ModelParameter  mBcstA2        6.750      0.          0.
ModelParameter  mBcstA3        7.145      0.          0.
ModelParameter  mBcstA4        7.150      0.          0.
ModelParameter  mBcstP1        6.275      0.          0.
ModelParameter  mBcstP2        6.842      0.          0.
ModelParameter  mBcstP3        7.250      0.          0.
ModelParameter  chiTV          5.84e-4    4.4e-5      0.
ModelParameter  chiTA          4.690e-4   3.0e-5      0.
ModelParameter  chiTP          2.19e-2    1.9e-3      0.
ModelParameter  nI             2.         0.          0.
######################################################################