######################################################################################################################
# Observables
# use one of the following formats:
# Observable  name th label min max (no)MCMC weight ave errg errf
# Observable  name th label min max (no)MCMC file filename histoname
# Observable  name th label min max  noMCMC  noweight
#
# BinnedObservables:
# use one of the following formats:
# BinnedObservable  name th label min max (no)MCMC weight ave errg errf bin_min bin_max
# BinnedObservable  name th label min max (no)MCMC file filename histoname bin_min bin_max
# BinnedObservable  name th label min max  noMCMC  noweight bin_min bin_max
#
# Observables2D
# use one of the following formats:
# Observable2D  name th1 label1 min1 max1 noMCMC noweight th2 label2 min2 max2
# Observable2D  name th1 label1 min1 max1 MCMC file filename histoname th2 label2 min2 max2
#
# The keyword "CorrelatedGaussianObservables name Nobs" initializes a set
# of Nobs correlated observables. It must be followed by exactly Nobs
# Observable lines and then by Nobs lines of Nobs numbers (the corr matrix).
#---------------------------------------------------------------------
# #######################################################################################################################
# ### Q2 DATA FOR GAMBINO ANALYSIS (BELLE)
# #######################################################################################################################
CorrelatedGaussianObservables BCLNQ2Belle 12
BinnedObservable Q2mom1_BI3.0  Q2moment1_BClnu  Q2mom1_BI3.0  1  -1  MCMC  weight  6.32039   0.11113   0.  3.0  0.
BinnedObservable Q2mom1_BI4.5  Q2moment1_BClnu  Q2mom1_BI4.5  1  -1  MCMC  weight  7.11498   0.08799   0.  4.5  0.
BinnedObservable Q2mom1_BI6.0  Q2moment1_BClnu  Q2mom1_BI6.0  1  -1  MCMC  weight  8.01190   0.07233   0.  6.0  0.
BinnedObservable Q2mom1_BI7.5  Q2moment1_BClnu  Q2mom1_BI7.5  1  -1  MCMC  weight  8.89685   0.05849   0.  7.5  0.
BinnedObservable Q2mom2_BI3.0  Q2moment2_BClnu  Q2mom2_BI3.0  1  -1  MCMC  weight  4.43974   0.18378   0.  3.0  0.
BinnedObservable Q2mom2_BI4.5  Q2moment2_BClnu  Q2mom2_BI4.5  1  -1  MCMC  weight  2.98802   0.18254   0.  4.5  0.
BinnedObservable Q2mom2_BI6.0  Q2moment2_BClnu  Q2mom2_BI6.0  1  -1  MCMC  weight  1.83119   0.16413   0.  6.0  0.
BinnedObservable Q2mom2_BI7.5  Q2moment2_BClnu  Q2mom2_BI7.5  1  -1  MCMC  weight  0.978678  0.150864  0.  7.5  0.
BinnedObservable Q2mom3_BI3.0  Q2moment3_BClnu  Q2mom3_BI3.0  1  -1  MCMC  weight  4.12971   0.86078   0.  3.0  0.
BinnedObservable Q2mom3_BI4.5  Q2moment3_BClnu  Q2mom3_BI4.5  1  -1  MCMC  weight  2.24187   0.51238   0.  4.5  0.
BinnedObservable Q2mom3_BI6.0  Q2moment3_BClnu  Q2mom3_BI6.0  1  -1  MCMC  weight  1.16277   0.37909   0.  6.0  0.
BinnedObservable Q2mom3_BI7.5  Q2moment3_BClnu  Q2mom3_BI7.5  1  -1  MCMC  weight  0.586757  0.319758  0.  7.5  0.
1.0000 0.9609 0.8622 0.7128 0.7673 0.6828 0.6292 0.6289 0.2670 0.2505 0.2818 0.3164
0.9609 1.0000 0.9553 0.8236 0.8796 0.7868 0.7208 0.7000 0.4453 0.3254 0.2676 0.2831
0.8622 0.9553 1.0000 0.9455 0.9671 0.9180 0.8654 0.8352 0.6723 0.5202 0.3845 0.3619
0.7128 0.8236 0.9455 1.0000 0.9713 0.9869 0.9699 0.9417 0.8384 0.7273 0.5484 0.4791
0.7673 0.8796 0.9671 0.9713 1.0000 0.9734 0.9346 0.9072 0.7868 0.6597 0.5042 0.4428
0.6828 0.7868 0.9180 0.9869 0.9734 1.0000 0.9886 0.9696 0.8600 0.7864 0.6264 0.5470
0.6292 0.7208 0.8654 0.9699 0.9346 0.9886 1.0000 0.9920 0.8736 0.8554 0.7134 0.6289
0.6289 0.7000 0.8352 0.9417 0.9072 0.9696 0.9920 1.0000 0.8422 0.8777 0.7801 0.7040
0.2670 0.4453 0.6723 0.8384 0.7868 0.8600 0.8736 0.8422 1.0000 0.8687 0.6123 0.5149
0.2505 0.3254 0.5202 0.7273 0.6597 0.7864 0.8554 0.8777 0.8687 1.0000 0.9119 0.8301
0.2818 0.2676 0.3845 0.5484 0.5042 0.6264 0.7134 0.7801 0.6123 0.9119 1.0000 0.9697
0.3164 0.2831 0.3619 0.4791 0.4428 0.5470 0.6289 0.7040 0.5149 0.8301 0.9697 1.0000
# #######################################################################################################################
# ### Q2 DATA FOR GAMBINO ANALYSIS (BELLEII)
# #######################################################################################################################
CorrelatedGaussianObservables BCLNQ2BelleII 15
BinnedObservable Q2mom1_BII1.5  Q2moment1_BClnu  Q2mom1_BII1.5  1  -1  MCMC  weight  5.1555   0.1114    0.  1.5  0.
BinnedObservable Q2mom1_BII3.0  Q2moment1_BClnu  Q2mom1_BII3.0  1  -1  MCMC  weight  6.0855   0.1003    0.  3.0  0.
BinnedObservable Q2mom1_BII4.5  Q2moment1_BClnu  Q2mom1_BII4.5  1  -1  MCMC  weight  7.0091   0.0725    0.  4.5  0.
BinnedObservable Q2mom1_BII6.0  Q2moment1_BClnu  Q2mom1_BII6.0  1  -1  MCMC  weight  7.9280   0.0555    0.  6.0  0.
BinnedObservable Q2mom1_BII7.5  Q2moment1_BClnu  Q2mom1_BII7.5  1  -1  MCMC  weight  8.8177   0.0518    0.  7.5  0.
BinnedObservable Q2mom2_BII1.5  Q2moment2_BClnu  Q2mom2_BII1.5  1  -1  MCMC  weight  5.9706   0.2393    0.  1.5  0.
BinnedObservable Q2mom2_BII3.0  Q2moment2_BClnu  Q2mom2_BII3.0  1  -1  MCMC  weight  4.1486   0.1697    0.  3.0  0.
BinnedObservable Q2mom2_BII4.5  Q2moment2_BClnu  Q2mom2_BII4.5  1  -1  MCMC  weight  2.6949   0.1435    0.  4.5  0.
BinnedObservable Q2mom2_BII6.0  Q2moment2_BClnu  Q2mom2_BII6.0  1  -1  MCMC  weight  1.5009   0.1243    0.  6.0  0.
BinnedObservable Q2mom2_BII7.5  Q2moment2_BClnu  Q2mom2_BII7.5  1  -1  MCMC  weight  0.64545  0.13210   0.  7.5  0.
BinnedObservable Q2mom3_BII1.5  Q2moment3_BClnu  Q2mom3_BII1.5  1  -1  MCMC  weight  4.7354   0.8377    0.  1.5  0.
BinnedObservable Q2mom3_BII3.0  Q2moment3_BClnu  Q2mom3_BII3.0  1  -1  MCMC  weight  2.4946   0.5338    0.  3.0  0.
BinnedObservable Q2mom3_BII4.5  Q2moment3_BClnu  Q2mom3_BII4.5  1  -1  MCMC  weight  1.0758   0.3846    0.  4.5  0.
BinnedObservable Q2mom3_BII6.0  Q2moment3_BClnu  Q2mom3_BII6.0  1  -1  MCMC  weight  0.18416  0.34710   0.  6.0  0.
BinnedObservable Q2mom3_BII7.5  Q2moment3_BClnu  Q2mom3_BII7.5. 1  -1  MCMC  weight -0.07840  0.31021   0.  7.5  0.
1.0000 0.9170 0.8458 0.6802 0.4024 0.4103 0.3540 0.2836 0.2432 0.2220 -0.2595 -0.3796 -0.3684 -0.2141 -0.1952
0.9170 1.0000 0.9585 0.7956 0.5014 0.6448 0.4804 0.3687 0.2995 0.2389 -0.0546 -0.3442 -0.3661 -0.2116 -0.1833
0.8458 0.9585 1.0000 0.9204 0.6856 0.7618 0.6377 0.5173 0.4064 0.2593 0.1163 -0.1828 -0.2689 -0.2048 -0.2138
0.6802 0.7956 0.9204 1.0000 0.8989 0.8095 0.7810 0.6703 0.4922 0.2038 0.3415 0.0810 -0.1293 -0.2386 -0.3017
0.4024 0.5014 0.6856 0.8989 1.0000 0.7136 0.7913 0.7067 0.4807 0.0576 0.5127 0.3307 0.0117 -0.2870 -0.4075
0.4103 0.6448 0.7618 0.8095 0.7136 1.0000 0.8946 0.7956 0.7061 0.4700 0.5812 0.2912 0.1512 0.0552 0.0088
0.3540 0.4804 0.6377 0.7810 0.7913 0.8946 1.0000 0.9610 0.8637 0.5478 0.7156 0.5855 0.3470 0.0900 -0.0073
0.2836 0.3687 0.5173 0.6703 0.7067 0.7956 0.9610 1.0000 0.9387 0.6374 0.7359 0.6782 0.4974 0.2038 0.0755
0.2432 0.2995 0.4064 0.4922 0.4807 0.7061 0.8637 0.9387 1.0000 0.8429 0.6641 0.6959 0.6540 0.4705 0.3393
0.2220 0.2389 0.2593 0.2038 0.0576 0.4700 0.5478 0.6374 0.8429 1.0000 0.3576 0.4938 0.6991 0.7586 0.7051
-0.2595 -0.0546 0.1163 0.3415 0.5127 0.5812 0.7156 0.7359 0.6641 0.3576 1.0000 0.8201 0.5068 0.1659 0.0837
-0.3796 -0.3442 -0.1828 0.0810 0.3307 0.2912 0.5855 0.6782 0.6959 0.4938 0.8201 1.0000 0.8144 0.4475 0.3211
-0.3684 -0.3661 -0.2689 -0.1293 0.0117 0.1512 0.3470 0.4974 0.6540 0.6991 0.5068 0.8144 1.0000 0.8448 0.7157
-0.2141 -0.2116 -0.2048 -0.2386 -0.2870 0.0552 0.0900 0.2038 0.4705 0.7586 0.1659 0.4475 0.8448 1.0000 0.9435
-0.1952 -0.1833 -0.2138 -0.3017 -0.4075 0.0088 -0.0073 0.0755 0.3393 0.7051 0.0837 0.3211 0.7157 0.9435 1.0000
# #######################################################################################################################
# ### BRANCHING RATIOS FOR GAMBINO ANALYSIS (BABAR: 0908.0415v1)
# #######################################################################################################################
CorrelatedGaussianObservables BCLNElBaBar 3
BinnedObservable PartialBRavgBB0.6  PartialAverageBR_BClnu  PartialBRavgBB0.6  1  -1  MCMC  weight  0.10120  0.00227  0.   0.6   0.
BinnedObservable PartialBRavgBB1.2  PartialAverageBR_BClnu  PartialBRavgBB1.2  1  -1  MCMC  weight  0.07280  0.00137  0.   1.2   0.
BinnedObservable PartialBRavgBB1.5  PartialAverageBR_BClnu  PartialBRavgBB1.5  1  -1  MCMC  weight  0.04788  0.00090  0.   1.5   0.
1.00000 0.90544 0.84914
0.90544 1.00000 0.96262
0.84914 0.96262 1.00000
# #######################################################################################################################
# ### BRANCHING RATIOS FOR GAMBINO ANALYSIS (BELLE: 0610012)
# #######################################################################################################################
CorrelatedGaussianObservables BCLNElBelle 2
BinnedObservable PartialBRavgBI0.6  PartialAverageBR_BClnu  PartialBRavgBI0.6  1  -1  MCMC  weight 0.1007 0.0028   0.  0.6  0.
BinnedObservable PartialBRavgBI1.4  PartialAverageBR_BClnu  PartialBRavgBI1.4  1  -1  MCMC  weight 0.0552 0.0016   0.  1.4  0.
1.00 0.83
0.83 1.00
# #######################################################################################################################
# ### Vcb EXTRACTION OBSERVABLE
# #######################################################################################################################
Observable    Vcb  Vcb  Vcb   1   -1   noMCMC   noweight 
Observable2D  Vcb_RhoD  RhoD  RhoD  -0.10   0.40   noMCMC   noweight  Vcb   Vcb    0.035   0.050
Observable2D  MuPi_RhoD MuPi  MuPi   0.05   0.70   noMCMC   noweight  RhoD  RhoD  -0.10    0.40
#