######################################################################################################################
# Observables
# use one of the following formats:
# Observable  name th label min max (no)MCMC weight ave errg errf
# Observable  name th label min max (no)MCMC file filename histoname
# Observable  name th label min max  noMCMC  noweight
#
# BinnedObservables:
# use one of the following formats:
# BinnedObservable  name th label min max (no)MCMC weight ave errg errf bin_min bin_max
# BinnedObservable  name th label min max (no)MCMC file filename histoname bin_min bin_max
# BinnedObservable  name th label min max  noMCMC  noweight bin_min bin_max
#
# Observables2D
# use one of the following formats:
# Observable2D  name th1 label1 min1 max1 noMCMC noweight th2 label2 min2 max2
# Observable2D  name th1 label1 min1 max1 MCMC file filename histoname th2 label2 min2 max2
#
# The keyword "CorrelatedGaussianObservables name Nobs" initializes a set
# of Nobs correlated observables. It must be followed by exactly Nobs
# Observable lines and then by Nobs lines of Nobs numbers (the corr matrix).
#---------------------------------------------------------------------
# #######################################################################################################################
# ### HADRONIC INVARIANT MASS MOMENTS FOR GAMBINO ANALYSIS (BABAR: 0908.0415)
# #######################################################################################################################
CorrelatedGaussianObservables BCLNMxBaBar 10
BinnedObservable MXmom1_BB0.9  MXmoment1_BClnu  MXmom1_BB0.9  1  -1  MCMC  weight   4.4161   0.0700   0.  0.9  0.
BinnedObservable MXmom1_BB1.1  MXmoment1_BClnu  MXmom1_BB1.1  1  -1  MCMC  weight   4.3539   0.0688   0.  1.1  0.
BinnedObservable MXmom1_BB1.3  MXmoment1_BClnu  MXmom1_BB1.3  1  -1  MCMC  weight   4.2807   0.0678   0.  1.3  0.
BinnedObservable MXmom1_BB1.5  MXmoment1_BClnu  MXmom1_BB1.5  1  -1  MCMC  weight   4.2195   0.0772   0.  1.5  0.
BinnedObservable MXmom2_BB0.8  MXmoment2_BClnu  MXmom2_BB0.8  1  -1  MCMC  weight   1.5794   0.3674   0.  0.8  0.
BinnedObservable MXmom2_BB1.0  MXmoment2_BClnu  MXmom2_BB1.0  1  -1  MCMC  weight   1.2449   0.2289   0.  1.0  0.
BinnedObservable MXmom2_BB1.2  MXmoment2_BClnu  MXmom2_BB1.2  1  -1  MCMC  weight   0.9150   0.1849   0.  1.2  0.
BinnedObservable MXmom2_BB1.4  MXmoment2_BClnu  MXmom2_BB1.4  1  -1  MCMC  weight   0.6808   0.1851   0.  1.4  0.
BinnedObservable MXmom3_BB0.9  MXmoment3_BClnu  MXmom3_BB0.9  1  -1  MCMC  weight   4.3060   2.6500   0.  0.9  0.
BinnedObservable MXmom3_BB1.3  MXmoment3_BClnu  MXmom3_BB1.3  1  -1  MCMC  weight   2.7287   0.6163   0.  1.3  0.
1.000000 0.833200 0.711200 0.603400 0.281300 0.143789 -0.089666 -0.208246 0.699405 0.402662
0.833200 1.000000 0.853200 0.724500 -0.018090 -0.049156 -0.109528 -0.251140 0.332776 0.482669
0.711200 0.853200 1.000000 0.847800 -0.155319 -0.268720 -0.266545 -0.290935 0.185763 0.565701
0.603400 0.724500 0.847800 1.000000 -0.221399 -0.377381 -0.444295 -0.438155 0.137157 0.359251
0.281300 -0.018090 -0.155319 -0.221399 1.000000 0.597667 0.419117 0.336810 0.549476 -0.015453
0.143789 -0.049156 -0.268720 -0.377381 0.597667 1.000000 0.699463 0.561078 0.370173 -0.033996
-0.089666 -0.109528 -0.266545 -0.444295 0.419117 0.699463 1.000000 0.783903 0.065101 0.026301
-0.208246 -0.251140 -0.290935 -0.438155 0.336810 0.561078 0.783903 1.000000 -0.048029 -0.136237
0.699405 0.332776 0.185763 0.137157 0.549476 0.370173 0.065101 -0.048029 1.000000 0.222215
0.402662 0.482669 0.565701 0.359251 -0.015453 -0.033996 0.026301 -0.136237 0.222215 1.000000
# #######################################################################################################################
# ### HADRONIC INVARIANT MASS MOMENTS FOR GAMBINO ANALYSIS (BELLE: hep-ex/0611044)
# #######################################################################################################################
CorrelatedGaussianObservables BCLNMxBelle 7
BinnedObservable MXmom1_BI0.7  MXmoment1_BClnu  MXmom1_BI0.7  1  -1  MCMC  weight   4.403   0.063   0.  0.7  0.
BinnedObservable MXmom1_BI1.1  MXmoment1_BClnu  MXmom1_BI1.1  1  -1  MCMC  weight   4.293   0.052   0.  1.1  0.
BinnedObservable MXmom1_BI1.3  MXmoment1_BClnu  MXmom1_BI1.3  1  -1  MCMC  weight   4.213   0.036   0.  1.3  0.
BinnedObservable MXmom1_BI1.5  MXmoment1_BClnu  MXmom1_BI1.5  1  -1  MCMC  weight   4.144   0.036   0.  1.5  0.
BinnedObservable MXmom2_BI0.7  MXmoment2_BClnu  MXmom2_BI0.7  1  -1  MCMC  weight   1.494   0.370   0.  0.7  0.
BinnedObservable MXmom2_BI0.9  MXmoment2_BClnu  MXmom2_BI0.9  1  -1  MCMC  weight   1.229   0.280   0.  0.9  0.
BinnedObservable MXmom2_BI1.3  MXmoment2_BClnu  MXmom2_BI1.3  1  -1  MCMC  weight   0.641   0.107   0.  1.3  0.
1.000 0.786 0.615 0.481 0.897 0.847 0.713
0.786 1.000 0.849 0.693 0.548 0.615 0.690
0.615 0.849 1.000 0.804 0.328 0.371 0.718 
0.481 0.693 0.804 1.000 0.223 0.263 0.481 
0.897 0.548 0.328 0.223 1.000 0.939 0.698
0.847 0.615 0.371 0.263 0.939 1.000 0.732
0.713 0.690 0.718 0.481 0.698 0.732 1.000
# #######################################################################################################################
# ### HADRONIC INVARIANT MASS MOMENTS FOR GAMBINO ANALYSIS (CLEO: hep-ex/0403052)
# #######################################################################################################################
CorrelatedGaussianObservables BCLNMxCLEO 2
BinnedObservable MXmom2_CL1.0  MXmoment2_BClnu  MXmom2_CL1.0  1  -1  MCMC  weight   1.266   0.672   0.  1.0  0.
BinnedObservable MXmom2_CL1.5  MXmoment2_BClnu  MXmom2_CL1.5  1  -1  MCMC  weight   0.629   0.146   0.  1.5  0.
1.000 0.884
0.884 1.000
# #######################################################################################################################
# ### HADRONIC INVARIANT MASS MOMENTS FOR GAMBINO ANALYSIS (DELPHI: hep-ex/0510024)
# #######################################################################################################################
CorrelatedGaussianObservables BCLNMxDelphi 2
BinnedObservable MXmom2_DL0.0  MXmoment2_BClnu  MXmom2_DL0.0  1  -1  MCMC  weight   1.560   0.239   0.  0.0  0.
BinnedObservable MXmom3_DL0.0  MXmoment3_BClnu  MXmom3_DL0.0  1  -1  MCMC  weight   4.050   0.802   0.  0.0  0.
1.000 0.853
0.853 1.000
# #######################################################################################################################
# ### ENERGY MOMENTS DATA AND BRANCHING RATIOS FOR GAMBINO ANALYSIS (BABAR: 0908.0415v1)
# #######################################################################################################################
CorrelatedGaussianObservables BCLNElBaBar 3
BinnedObservable PartialBRavgBB0.6  PartialAverageBR_BClnu  PartialBRavgBB0.6  1  -1  MCMC  weight  0.10120  0.00227  0.   0.6   0.
BinnedObservable PartialBRavgBB1.2  PartialAverageBR_BClnu  PartialBRavgBB1.2  1  -1  MCMC  weight  0.07280  0.00137  0.   1.2   0.
BinnedObservable PartialBRavgBB1.5  PartialAverageBR_BClnu  PartialBRavgBB1.5  1  -1  MCMC  weight  0.04788  0.00090  0.   1.5   0.
1.00000 0.90544 0.84914
0.90544 1.00000 0.96262
0.84914 0.96262 1.00000
# #######################################################################################################################
# ### ENERGY MOMENTS DATA AND BRANCHING RATIOS FOR GAMBINO ANALYSIS (BELLE: 0610012)
# #######################################################################################################################
CorrelatedGaussianObservables BCLNElBelle 2
BinnedObservable PartialBRavgBI0.6  PartialAverageBR_BClnu  PartialBRavgBI0.6  1  -1  MCMC  weight 0.1007 0.0028   0.  0.6  0.
BinnedObservable PartialBRavgBI1.4  PartialAverageBR_BClnu  PartialBRavgBI1.4  1  -1  MCMC  weight 0.0552 0.0016   0.  1.4  0.
1.00 0.83
0.83 1.00
# #######################################################################################################################
# ### Vcb EXTRACTION OBSERVABLE
# #######################################################################################################################
Observable    Vcb_BClnu  Vcb_BClnu  Vcb_BClnu   1   -1   noMCMC   noweight 
Observable2D  Vcb_RhoD  RhoD  RhoD  -0.10   0.40   noMCMC   noweight  Vcb_BClnu   Vcb_BClnu    0.035   0.050
Observable2D  MuPi_RhoD MuPi  MuPi   0.05   0.70   noMCMC   noweight  RhoD        RhoD        -0.10    0.40
# 