######################################################################################################################
# Observables
# use one of the following formats:
# Observable  name th label min max (no)MCMC weight ave errg errf
# Observable  name th label min max (no)MCMC file filename histoname
# Observable  name th label min max  noMCMC  noweight
#
# BinnedObservables:
# use one of the following formats:
# BinnedObservable  name th label min max (no)MCMC weight ave errg errf bin_min bin_max
# BinnedObservable  name th label min max (no)MCMC file filename histoname bin_min bin_max
# BinnedObservable  name th label min max  noMCMC  noweight bin_min bin_max
#
# Observables2D
# use one of the following formats:
# Observable2D  name th1 label1 min1 max1 noMCMC noweight th2 label2 min2 max2
# Observable2D  name th1 label1 min1 max1 noMCMC file filename histoname th2 label2 min2 max2
#
# The keyword "CorrelatedGaussianObservables name Nobs" initializes a set
# of Nobs correlated observables. It must be followed by exactly Nobs
# Observable lines and then by Nobs lines of Nobs numbers (the corr matrix).
#---------------------------------------------------------------------
# #######################################################################################################################
# ### Q2 DATA FOR GAMBINO ANALYSIS (BELLE)
# #######################################################################################################################
# # CorrelatedGaussianObservables BCLNQ2Belle 12
BinnedObservable Q2mom1_BI3.0  Q2moment1_BClnu  Q2mom1_BI3.0  1  -1  noMCMC  noweight  6.32039   0.11113   0.  3.0  0.
BinnedObservable Q2mom1_BI4.5  Q2moment1_BClnu  Q2mom1_BI4.5  1  -1  noMCMC  noweight  7.11498   0.08799   0.  4.5  0.
BinnedObservable Q2mom1_BI6.0  Q2moment1_BClnu  Q2mom1_BI6.0  1  -1  noMCMC  noweight  8.01190   0.07233   0.  6.0  0.
BinnedObservable Q2mom1_BI7.5  Q2moment1_BClnu  Q2mom1_BI7.5  1  -1  noMCMC  noweight  8.89685   0.05849   0.  7.5  0.
BinnedObservable Q2mom2_BI3.0  Q2moment2_BClnu  Q2mom2_BI3.0  1  -1  noMCMC  noweight  4.43974   0.18378   0.  3.0  0.
BinnedObservable Q2mom2_BI4.5  Q2moment2_BClnu  Q2mom2_BI4.5  1  -1  noMCMC  noweight  2.98802   0.18254   0.  4.5  0.
BinnedObservable Q2mom2_BI6.0  Q2moment2_BClnu  Q2mom2_BI6.0  1  -1  noMCMC  noweight  1.83119   0.16413   0.  6.0  0.
BinnedObservable Q2mom2_BI7.5  Q2moment2_BClnu  Q2mom2_BI7.5  1  -1  noMCMC  noweight  0.978678  0.150864  0.  7.5  0.
BinnedObservable Q2mom3_BI3.0  Q2moment3_BClnu  Q2mom3_BI3.0  1  -1  noMCMC  noweight  4.12971   0.86078   0.  3.0  0.
BinnedObservable Q2mom3_BI4.5  Q2moment3_BClnu  Q2mom3_BI4.5  1  -1  noMCMC  noweight  2.24187   0.51238   0.  4.5  0.
BinnedObservable Q2mom3_BI6.0  Q2moment3_BClnu  Q2mom3_BI6.0  1  -1  noMCMC  noweight  1.16277   0.37909   0.  6.0  0.
BinnedObservable Q2mom3_BI7.5  Q2moment3_BClnu  Q2mom3_BI7.5  1  -1  noMCMC  noweight  0.586757  0.319758  0.  7.5  0.
# # 1.0000 0.9609 0.8622 0.7128 0.7673 0.6828 0.6292 0.6289 0.2670 0.2505 0.2818 0.3164
# # 0.9609 1.0000 0.9553 0.8236 0.8796 0.7868 0.7208 0.7000 0.4453 0.3254 0.2676 0.2831
# # 0.8622 0.9553 1.0000 0.9455 0.9671 0.9180 0.8654 0.8352 0.6723 0.5202 0.3845 0.3619
# # 0.7128 0.8236 0.9455 1.0000 0.9713 0.9869 0.9699 0.9417 0.8384 0.7273 0.5484 0.4791
# # 0.7673 0.8796 0.9671 0.9713 1.0000 0.9734 0.9346 0.9072 0.7868 0.6597 0.5042 0.4428
# # 0.6828 0.7868 0.9180 0.9869 0.9734 1.0000 0.9886 0.9696 0.8600 0.7864 0.6264 0.5470
# # 0.6292 0.7208 0.8654 0.9699 0.9346 0.9886 1.0000 0.9920 0.8736 0.8554 0.7134 0.6289
# # 0.6289 0.7000 0.8352 0.9417 0.9072 0.9696 0.9920 1.0000 0.8422 0.8777 0.7801 0.7040
# # 0.2670 0.4453 0.6723 0.8384 0.7868 0.8600 0.8736 0.8422 1.0000 0.8687 0.6123 0.5149
# # 0.2505 0.3254 0.5202 0.7273 0.6597 0.7864 0.8554 0.8777 0.8687 1.0000 0.9119 0.8301
# # 0.2818 0.2676 0.3845 0.5484 0.5042 0.6264 0.7134 0.7801 0.6123 0.9119 1.0000 0.9697
# # 0.3164 0.2831 0.3619 0.4791 0.4428 0.5470 0.6289 0.7040 0.5149 0.8301 0.9697 1.0000
# #######################################################################################################################
# ### Q2 DATA FOR GAMBINO ANALYSIS (BELLEII)
# #######################################################################################################################
# CorrelatedGaussianObservables BCLNQ2BelleII 15
BinnedObservable Q2mom1_BII1.5  Q2moment1_BClnu  Q2mom1_BII1.5  1  -1  noMCMC  noweight  5.1555   0.1114    0.  1.5  0.
BinnedObservable Q2mom1_BII3.0  Q2moment1_BClnu  Q2mom1_BII3.0  1  -1  noMCMC  noweight  6.0855   0.1003    0.  3.0  0.
BinnedObservable Q2mom1_BII4.5  Q2moment1_BClnu  Q2mom1_BII4.5  1  -1  noMCMC  noweight  7.0091   0.0725    0.  4.5  0.
BinnedObservable Q2mom1_BII6.0  Q2moment1_BClnu  Q2mom1_BII6.0  1  -1  noMCMC  noweight  7.9280   0.0555    0.  6.0  0.
BinnedObservable Q2mom1_BII7.5  Q2moment1_BClnu  Q2mom1_BII7.5  1  -1  noMCMC  noweight  8.8177   0.0518    0.  7.5  0.
BinnedObservable Q2mom2_BII1.5  Q2moment2_BClnu  Q2mom2_BII1.5  1  -1  noMCMC  noweight  5.9706   0.2393    0.  1.5  0.
BinnedObservable Q2mom2_BII3.0  Q2moment2_BClnu  Q2mom2_BII3.0  1  -1  noMCMC  noweight  4.1486   0.1697    0.  3.0  0.
BinnedObservable Q2mom2_BII4.5  Q2moment2_BClnu  Q2mom2_BII4.5  1  -1  noMCMC  noweight  2.6949   0.1435    0.  4.5  0.
BinnedObservable Q2mom2_BII6.0  Q2moment2_BClnu  Q2mom2_BII6.0  1  -1  noMCMC  noweight  1.5009   0.1243    0.  6.0  0.
BinnedObservable Q2mom2_BII7.5  Q2moment2_BClnu  Q2mom2_BII7.5  1  -1  noMCMC  noweight  0.64545  0.13210   0.  7.5  0.
BinnedObservable Q2mom3_BII1.5  Q2moment3_BClnu  Q2mom3_BII1.5  1  -1  noMCMC  noweight  4.7354   0.8377    0.  1.5  0.
BinnedObservable Q2mom3_BII3.0  Q2moment3_BClnu  Q2mom3_BII3.0  1  -1  noMCMC  noweight  2.4946   0.5338    0.  3.0  0.
BinnedObservable Q2mom3_BII4.5  Q2moment3_BClnu  Q2mom3_BII4.5  1  -1  noMCMC  noweight  1.0758   0.3846    0.  4.5  0.
BinnedObservable Q2mom3_BII6.0  Q2moment3_BClnu  Q2mom3_BII6.0  1  -1  noMCMC  noweight  0.18416  0.34710   0.  6.0  0.
BinnedObservable Q2mom3_BII7.5  Q2moment3_BClnu  Q2mom3_BII7.5. 1  -1  noMCMC  noweight -0.07840  0.31021   0.  7.5  0.
# 1.0000 0.9170 0.8458 0.6802 0.4024 0.4103 0.3540 0.2836 0.2432 0.2220 -0.2595 -0.3796 -0.3684 -0.2141 -0.1952
# 0.9170 1.0000 0.9585 0.7956 0.5014 0.6448 0.4804 0.3687 0.2995 0.2389 -0.0546 -0.3442 -0.3661 -0.2116 -0.1833
# 0.8458 0.9585 1.0000 0.9204 0.6856 0.7618 0.6377 0.5173 0.4064 0.2593 0.1163 -0.1828 -0.2689 -0.2048 -0.2138
# 0.6802 0.7956 0.9204 1.0000 0.8989 0.8095 0.7810 0.6703 0.4922 0.2038 0.3415 0.0810 -0.1293 -0.2386 -0.3017
# 0.4024 0.5014 0.6856 0.8989 1.0000 0.7136 0.7913 0.7067 0.4807 0.0576 0.5127 0.3307 0.0117 -0.2870 -0.4075
# 0.4103 0.6448 0.7618 0.8095 0.7136 1.0000 0.8946 0.7956 0.7061 0.4700 0.5812 0.2912 0.1512 0.0552 0.0088
# 0.3540 0.4804 0.6377 0.7810 0.7913 0.8946 1.0000 0.9610 0.8637 0.5478 0.7156 0.5855 0.3470 0.0900 -0.0073
# 0.2836 0.3687 0.5173 0.6703 0.7067 0.7956 0.9610 1.0000 0.9387 0.6374 0.7359 0.6782 0.4974 0.2038 0.0755
# 0.2432 0.2995 0.4064 0.4922 0.4807 0.7061 0.8637 0.9387 1.0000 0.8429 0.6641 0.6959 0.6540 0.4705 0.3393
# 0.2220 0.2389 0.2593 0.2038 0.0576 0.4700 0.5478 0.6374 0.8429 1.0000 0.3576 0.4938 0.6991 0.7586 0.7051
# -0.2595 -0.0546 0.1163 0.3415 0.5127 0.5812 0.7156 0.7359 0.6641 0.3576 1.0000 0.8201 0.5068 0.1659 0.0837
# -0.3796 -0.3442 -0.1828 0.0810 0.3307 0.2912 0.5855 0.6782 0.6959 0.4938 0.8201 1.0000 0.8144 0.4475 0.3211
# -0.3684 -0.3661 -0.2689 -0.1293 0.0117 0.1512 0.3470 0.4974 0.6540 0.6991 0.5068 0.8144 1.0000 0.8448 0.7157
# -0.2141 -0.2116 -0.2048 -0.2386 -0.2870 0.0552 0.0900 0.2038 0.4705 0.7586 0.1659 0.4475 0.8448 1.0000 0.9435
# -0.1952 -0.1833 -0.2138 -0.3017 -0.4075 0.0088 -0.0073 0.0755 0.3393 0.7051 0.0837 0.3211 0.7157 0.9435 1.0000
# #######################################################################################################################
# ### HADRONIC INVARIANT MASS MOMENTS FOR GAMBINO ANALYSIS (BABAR: 0908.0415)
# #######################################################################################################################
# CorrelatedGaussianObservables BCLNMxBaBar 10
BinnedObservable MXmom1_BB0.9  MXmoment1_BClnu  MXmom1_BB0.9  1  -1  noMCMC  noweight   4.4161   0.0700   0.  0.9  0.
BinnedObservable MXmom1_BB1.1  MXmoment1_BClnu  MXmom1_BB1.1  1  -1  noMCMC  noweight   4.3539   0.0688   0.  1.1  0.
BinnedObservable MXmom1_BB1.3  MXmoment1_BClnu  MXmom1_BB1.3  1  -1  noMCMC  noweight   4.2807   0.0678   0.  1.3  0.
BinnedObservable MXmom1_BB1.5  MXmoment1_BClnu  MXmom1_BB1.5  1  -1  noMCMC  noweight   4.2195   0.0772   0.  1.5  0.
BinnedObservable MXmom2_BB0.8  MXmoment2_BClnu  MXmom2_BB0.8  1  -1  noMCMC  noweight   1.5794   0.3674   0.  0.8  0.
BinnedObservable MXmom2_BB1.0  MXmoment2_BClnu  MXmom2_BB1.0  1  -1  noMCMC  noweight   1.2449   0.2289   0.  1.0  0.
BinnedObservable MXmom2_BB1.2  MXmoment2_BClnu  MXmom2_BB1.2  1  -1  noMCMC  noweight   0.9150   0.1849   0.  1.2  0.
BinnedObservable MXmom2_BB1.4  MXmoment2_BClnu  MXmom2_BB1.4  1  -1  noMCMC  noweight   0.6808   0.1851   0.  1.4  0.
BinnedObservable MXmom3_BB0.9  MXmoment3_BClnu  MXmom3_BB0.9  1  -1  noMCMC  noweight   4.3060   2.6500   0.  0.9  0.
BinnedObservable MXmom3_BB1.3  MXmoment3_BClnu  MXmom3_BB1.3  1  -1  noMCMC  noweight   2.7287   0.6163   0.  1.3  0.
# 1.000000 0.833200 0.711200 0.603400 0.281300 0.143789 -0.089666 -0.208246 0.699405 0.402662
# 0.833200 1.000000 0.853200 0.724500 -0.018090 -0.049156 -0.109528 -0.251140 0.332776 0.482669
# 0.711200 0.853200 1.000000 0.847800 -0.155319 -0.268720 -0.266545 -0.290935 0.185763 0.565701
# 0.603400 0.724500 0.847800 1.000000 -0.221399 -0.377381 -0.444295 -0.438155 0.137157 0.359251
# 0.281300 -0.018090 -0.155319 -0.221399 1.000000 0.597667 0.419117 0.336810 0.549476 -0.015453
# 0.143789 -0.049156 -0.268720 -0.377381 0.597667 1.000000 0.699463 0.561078 0.370173 -0.033996
# -0.089666 -0.109528 -0.266545 -0.444295 0.419117 0.699463 1.000000 0.783903 0.065101 0.026301
# -0.208246 -0.251140 -0.290935 -0.438155 0.336810 0.561078 0.783903 1.000000 -0.048029 -0.136237
# 0.699405 0.332776 0.185763 0.137157 0.549476 0.370173 0.065101 -0.048029 1.000000 0.222215
# 0.402662 0.482669 0.565701 0.359251 -0.015453 -0.033996 0.026301 -0.136237 0.222215 1.000000
# #######################################################################################################################
# ### HADRONIC INVARIANT MASS MOMENTS FOR GAMBINO ANALYSIS (BELLE: hep-ex/0611044)
# #######################################################################################################################
# CorrelatedGaussianObservables BCLNMxBelle 7
BinnedObservable MXmom1_BI0.7  MXmoment1_BClnu  MXmom1_BI0.7  1  -1  noMCMC  noweight   4.403   0.063   0.  0.7  0.
BinnedObservable MXmom1_BI1.1  MXmoment1_BClnu  MXmom1_BI1.1  1  -1  noMCMC  noweight   4.293   0.052   0.  1.1  0.
BinnedObservable MXmom1_BI1.3  MXmoment1_BClnu  MXmom1_BI1.3  1  -1  noMCMC  noweight   4.213   0.036   0.  1.3  0.
BinnedObservable MXmom1_BI1.5  MXmoment1_BClnu  MXmom1_BI1.5  1  -1  noMCMC  noweight   4.144   0.036   0.  1.5  0.
BinnedObservable MXmom2_BI0.7  MXmoment2_BClnu  MXmom2_BI0.7  1  -1  noMCMC  noweight   1.494   0.370   0.  0.7  0.
BinnedObservable MXmom2_BI0.9  MXmoment2_BClnu  MXmom2_BI0.9  1  -1  noMCMC  noweight   1.229   0.280   0.  0.9  0.
BinnedObservable MXmom2_BI1.3  MXmoment2_BClnu  MXmom2_BI1.3  1  -1  noMCMC  noweight   0.641   0.107   0.  1.3  0.
# 1.000 0.786 0.615 0.481 0.897 0.847 0.713
# 0.786 1.000 0.849 0.693 0.548 0.615 0.690
# 0.615 0.849 1.000 0.804 0.328 0.371 0.718 
# 0.481 0.693 0.804 1.000 0.223 0.263 0.481 
# 0.897 0.548 0.328 0.223 1.000 0.939 0.698
# 0.847 0.615 0.371 0.263 0.939 1.000 0.732
# 0.713 0.690 0.718 0.481 0.698 0.732 1.000
# #######################################################################################################################
# ### HADRONIC INVARIANT MASS MOMENTS FOR GAMBINO ANALYSIS (CLEO: hep-ex/0403052)
# #######################################################################################################################
# CorrelatedGaussianObservables BCLNMxCLEO 2
BinnedObservable MXmom2_CL1.0  MXmoment2_BClnu  MXmom2_CL1.0  1  -1  noMCMC  noweight   1.266   0.672   0.  1.0  0.
BinnedObservable MXmom2_CL1.5  MXmoment2_BClnu  MXmom2_CL1.5  1  -1  noMCMC  noweight   0.629   0.146   0.  1.5  0.
# 1.000 0.884
# 0.884 1.000
# #######################################################################################################################
# ### HADRONIC INVARIANT MASS MOMENTS FOR GAMBINO ANALYSIS (DELPHI: hep-ex/0510024)
# #######################################################################################################################
# CorrelatedGaussianObservables BCLNMxDelphi 2
BinnedObservable MXmom2_DL0.0  MXmoment2_BClnu  MXmom2_DL0.0  1  -1  noMCMC  noweight   1.560   0.239   0.  0.0  0.
BinnedObservable MXmom3_DL0.0  MXmoment3_BClnu  MXmom3_DL0.0  1  -1  noMCMC  noweight   4.050   0.802   0.  0.0  0.
# 1.000 0.853
# 0.853 1.000
# #######################################################################################################################
# ### ENERGY MOMENTS DATA AND BRANCHING RATIOS FOR GAMBINO ANALYSIS (BABAR: 0908.0415v1)
# #######################################################################################################################
# CorrelatedGaussianObservables BCLNElBaBar 13
BinnedObservable Elmom1_BB0.6  Elmoment1_BClnu  Elmom1_BB0.6  1  -1  noMCMC  noweight   1.43944   0.00697   0.  0.6  0.
BinnedObservable Elmom1_BB0.8  Elmoment1_BClnu  Elmom1_BB0.8  1  -1  noMCMC  noweight   1.48741   0.00393   0.  0.8  0.
BinnedObservable Elmom1_BB1.0  Elmoment1_BClnu  Elmom1_BB1.0  1  -1  noMCMC  noweight   1.54996   0.00277   0.  1.0  0.
BinnedObservable Elmom1_BB1.2  Elmoment1_BClnu  Elmom1_BB1.2  1  -1  noMCMC  noweight   1.63034   0.00234   0.  1.2  0.
BinnedObservable Elmom1_BB1.5  Elmoment1_BClnu  Elmom1_BB1.5  1  -1  noMCMC  noweight   1.77392   0.00221   0.  1.5  0.
BinnedObservable Elmom2_BB0.6  Elmoment2_BClnu  Elmom2_BB0.6  1  -1  noMCMC  noweight   0.14511   0.00310   0.  0.6  0.
BinnedObservable Elmom2_BB1.0  Elmoment2_BClnu  Elmom2_BB1.0  1  -1  noMCMC  noweight   0.08876   0.00111   0.  1.0  0.
BinnedObservable Elmom2_BB1.5  Elmoment2_BClnu  Elmom2_BB1.5  1  -1  noMCMC  noweight   0.03016   0.00096   0.  1.5  0.
BinnedObservable Elmom3_BB0.8  Elmoment3_BClnu  Elmom3_BB0.8  1  -1  noMCMC  noweight  -0.00382   0.00072   0.  0.8  0.
BinnedObservable Elmom3_BB1.2  Elmoment3_BClnu  Elmom3_BB1.2  1  -1  noMCMC  noweight   0.00247   0.00056   0.  1.2  0.
BinnedObservable PartialBRavgBB0.6  PartialAverageBR_BClnu  PartialBRavgBB0.6  1  -1  noMCMC  noweight  0.10120  0.00227  0.   0.6   0.
BinnedObservable PartialBRavgBB1.2  PartialAverageBR_BClnu  PartialBRavgBB1.2  1  -1  noMCMC  noweight  0.07280  0.00137  0.   1.2   0.
BinnedObservable PartialBRavgBB1.5  PartialAverageBR_BClnu  PartialBRavgBB1.5  1  -1  noMCMC  noweight  0.04788  0.00090  0.   1.5   0.
# 1.00000 0.78127 0.63124 0.51050 0.37343 -0.64995 0.17911 0.24218 -0.03898 0.10808 -0.45296 -0.05806 0.04792
# 0.78127 1.00000 0.80282 0.67685 0.52745 -0.18248 0.30038 0.37419 0.03888 0.20295 -0.30883 -0.00422 0.12896
# 0.63124 0.80282 1.00000 0.82583 0.66202 0.06865 0.37644 0.50743 0.05791 0.30864 -0.16126 0.06169 0.22045
# 0.51050 0.67685 0.82583 1.00000 0.76254 0.20869 0.67726 0.61377 0.25693 0.38846 -0.03823 0.07996 0.27937
# 0.37343 0.52745 0.66202 0.76254 1.00000 0.32203 0.84146 0.76727 0.58723 0.63848 0.12504 0.23365 0.27376
# -0.64995 -0.18248 0.06865 0.20869 0.32203 1.00000 0.42661 0.37703 0.40072 0.36611 0.60673 0.32995 0.32917
# 0.17911 0.30038 0.37644 0.67726 0.84146 0.42661 1.00000 0.87586 0.80662 0.77622 0.30367 0.32821 0.38648
# 0.24218 0.37419 0.50743 0.61377 0.76727 0.37703 0.87586 1.00000 0.84588 0.94565 0.25224 0.32962 0.37747
# -0.03898 0.03888 0.05791 0.25693 0.58723 0.40072 0.80662 0.84588 1.00000 0.90696 0.43618 0.41945 0.36797
# 0.10808 0.20295 0.30864 0.38846 0.63848 0.36611 0.77622 0.94565 0.90696 1.00000 0.30984 0.35482 0.33870
# -0.45296 -0.30883 -0.16126 -0.03823 0.12504 0.60673 0.30367 0.25224 0.43618 0.30984 1.00000 0.90544 0.84914
# -0.05806 -0.00422 0.06169 0.07996 0.23365 0.32995 0.32821 0.32962 0.41945 0.35482 0.90544 1.00000 0.96262
# 0.04792 0.12896 0.22045 0.27937 0.27376 0.32917 0.38648 0.37747 0.36797 0.33870 0.84914 0.96262 1.00000
# #######################################################################################################################
# ### ENERGY MOMENTS DATA AND BRANCHING RATIOS FOR GAMBINO ANALYSIS (BELLE: hep-ex/0610012)
# #######################################################################################################################
# CorrelatedGaussianObservables BCLNElBelle 8
BinnedObservable Elmom1_BI1.0  Elmoment1_BClnu  Elmom1_BI1.0  1  -1  noMCMC  noweight   1.54776   0.00422   0.  1.0  0.
BinnedObservable Elmom1_BI1.4  Elmoment1_BClnu  Elmom1_BI1.4  1  -1  noMCMC  noweight   1.71996   0.00281   0.  1.4  0.
BinnedObservable Elmom2_BI0.6  Elmoment2_BClnu  Elmom2_BI0.6  1  -1  noMCMC  noweight   0.14615   0.00308   0.  0.6  0.
BinnedObservable Elmom2_BI1.4  Elmoment2_BClnu  Elmom2_BI1.4  1  -1  noMCMC  noweight   0.03899   0.00075   0.  1.4  0.
BinnedObservable Elmom3_BI0.8  Elmoment3_BClnu  Elmom3_BI0.8  1  -1  noMCMC  noweight  -0.00345   0.00088   0.  0.8  0.
BinnedObservable Elmom3_BI1.2  Elmoment3_BClnu  Elmom3_BI1.2  1  -1  noMCMC  noweight   0.00240   0.00032   0.  1.2  0.
BinnedObservable PartialBRavgBI0.6  PartialAverageBR_BClnu  PartialBRavgBI0.6  1  -1  noMCMC  noweight 0.1007 0.0028   0.  0.6  0.
BinnedObservable PartialBRavgBI1.4  PartialAverageBR_BClnu  PartialBRavgBI1.4  1  -1  noMCMC  noweight 0.0552 0.0016   0.  1.4  0.
# 1.00 0.73 0.04 0.39 0.70 0.74 -0.12 -0.06
# 0.73 1.00 0.51 0.56 0.48 0.78 0.26 0.09
# 0.04 0.51 1.00 0.44 -0.26 0.30 0.52 0.37
# 0.39 0.56 0.44 1.00 0.39 0.59 0.37 0.58
# 0.70 0.48 -0.26 0.39 1.00 0.73 0.06 0.05
# 0.74 0.78 0.30 0.59 0.73 1.00 0.25 0.10
# -0.12 0.26 0.52 0.37 0.06 0.25 1.00 0.83
# -0.06 0.09 0.37 0.58 0.05 0.10 0.83 1.00
# #######################################################################################################################
# ### ENERGY MOMENTS DATA FOR GAMBINO ANALYSIS (DELPHI: hep-ex/0510024)
# #######################################################################################################################
# CorrelatedGaussianObservables BCLNElDelphi 3
BinnedObservable Elmom1_DL0.0  Elmoment1_BClnu  Elmom1_DL0.0  1  -1  noMCMC  noweight   1.3782   0.0118   0.  0.0  0.
BinnedObservable Elmom2_DL0.0  Elmoment2_BClnu  Elmom2_DL0.0  1  -1  noMCMC  noweight   0.1838   0.0080   0.  0.0  0.
BinnedObservable Elmom3_DL0.0  Elmoment3_BClnu  Elmom3_DL0.0  1  -1  noMCMC  noweight  -0.0301   0.0039   0.  0.0  0.
# 1.0000 -0.6942 -0.2578
# -0.6942 1.0000 -0.1286
# -0.2578 -0.1286 1.0000
# #######################################################################################################################
# ### Vcb EXTRACTION OBSERVABLE
# #######################################################################################################################
Observable    Vcb  Vcb  Vcb   1   -1   noMCMC   noweight 
# Observable2D  Vcb_RhoD  RhoD  RhoD  -0.10   0.40   noMCMC   noweight  Vcb   Vcb    0.035   0.050
# Observable2D  MuPi_RhoD MuPi  MuPi   0.05   0.70   noMCMC   noweight  RhoD  RhoD  -0.10    0.40
#