######################################################################################################################
# Observables
# use one of the following formats:
# Observable  name th label min max (no)MCMC weight ave errg errf
# Observable  name th label min max (no)MCMC file filename histoname
# Observable  name th label min max  noMCMC  noweight
#
# BinnedObservables:
# use one of the following formats:
# BinnedObservable  name th label min max (no)MCMC weight ave errg errf bin_min bin_max
# BinnedObservable  name th label min max (no)MCMC file filename histoname bin_min bin_max
# BinnedObservable  name th label min max  noMCMC  noweight bin_min bin_max
#
# Observables2D
# use one of the following formats:
# Observable2D  name th1 label1 min1 max1 noMCMC noweight th2 label2 min2 max2
# Observable2D  name th1 label1 min1 max1 MCMC file filename histoname th2 label2 min2 max2
#
# The keyword "CorrelatedGaussianObservables name Nobs" initializes a set
# of Nobs correlated observables. It must be followed by exactly Nobs
# Observable lines and then by Nobs lines of Nobs numbers (the corr matrix).
#---------------------------------------------------------------------
# #######################################################################################################################
# ### ENERGY MOMENTS DATA AND BRANCHING RATIOS FOR GAMBINO ANALYSIS (BABAR: 0908.0415v1)
# #######################################################################################################################
CorrelatedGaussianObservables BCLNElBaBar 13
BinnedObservable Elmom1_BB0.6  Elmoment1_BClnu  Elmom1_BB0.6   1.40459   1.47429   MCMC  weight   1.43944   0.00697   0.  0.6  0.
BinnedObservable Elmom1_BB0.8  Elmoment1_BClnu  Elmom1_BB0.8   1.46776   1.50706   MCMC  weight   1.48741   0.00393   0.  0.8  0.
BinnedObservable Elmom1_BB1.0  Elmoment1_BClnu  Elmom1_BB1.0   1.53611   1.56381   MCMC  weight   1.54996   0.00277   0.  1.0  0.
BinnedObservable Elmom1_BB1.2  Elmoment1_BClnu  Elmom1_BB1.2   1.61864   1.64204   MCMC  weight   1.63034   0.00234   0.  1.2  0.
BinnedObservable Elmom1_BB1.5  Elmoment1_BClnu  Elmom1_BB1.5   1.76287   1.78497   MCMC  weight   1.77392   0.00221   0.  1.5  0.
BinnedObservable Elmom2_BB0.6  Elmoment2_BClnu  Elmom2_BB0.6   0.12961   0.16061   MCMC  weight   0.14511   0.00310   0.  0.6  0.
BinnedObservable Elmom2_BB1.0  Elmoment2_BClnu  Elmom2_BB1.0   0.08321   0.09431   MCMC  weight   0.08876   0.00111   0.  1.0  0.
BinnedObservable Elmom2_BB1.5  Elmoment2_BClnu  Elmom2_BB1.5   0.02536   0.03496   MCMC  weight   0.03016   0.00096   0.  1.5  0.
BinnedObservable Elmom3_BB0.8  Elmoment3_BClnu  Elmom3_BB0.8  -0.00742  -0.00022   MCMC  weight  -0.00382   0.00072   0.  0.8  0.
BinnedObservable Elmom3_BB1.2  Elmoment3_BClnu  Elmom3_BB1.2  -0.00033   0.00527   MCMC  weight   0.00247   0.00056   0.  1.2  0.
BinnedObservable PartialBRavgBB0.6  PartialAverageBR_BClnu  PartialBRavgBB0.6   0.08985   0.11255   MCMC  weight  0.10120  0.00227  0.   0.6   0.
BinnedObservable PartialBRavgBB1.2  PartialAverageBR_BClnu  PartialBRavgBB1.2   0.06695   0.07865   MCMC  weight  0.07280  0.00137  0.   1.2   0.
BinnedObservable PartialBRavgBB1.5  PartialAverageBR_BClnu  PartialBRavgBB1.5   0.04338   0.05238   MCMC  weight  0.04788  0.00090  0.   1.5   0.
1.00000 0.78127 0.63124 0.51050 0.37343 -0.64995 0.17911 0.24218 -0.03898 0.10808 -0.45296 -0.05806 0.04792
0.78127 1.00000 0.80282 0.67685 0.52745 -0.18248 0.30038 0.37419 0.03888 0.20295 -0.30883 -0.00422 0.12896
0.63124 0.80282 1.00000 0.82583 0.66202 0.06865 0.37644 0.50743 0.05791 0.30864 -0.16126 0.06169 0.22045
0.51050 0.67685 0.82583 1.00000 0.76254 0.20869 0.67726 0.61377 0.25693 0.38846 -0.03823 0.07996 0.27937
0.37343 0.52745 0.66202 0.76254 1.00000 0.32203 0.84146 0.76727 0.58723 0.63848 0.12504 0.23365 0.27376
-0.64995 -0.18248 0.06865 0.20869 0.32203 1.00000 0.42661 0.37703 0.40072 0.36611 0.60673 0.32995 0.32917
0.17911 0.30038 0.37644 0.67726 0.84146 0.42661 1.00000 0.87586 0.80662 0.77622 0.30367 0.32821 0.38648
0.24218 0.37419 0.50743 0.61377 0.76727 0.37703 0.87586 1.00000 0.84588 0.94565 0.25224 0.32962 0.37747
-0.03898 0.03888 0.05791 0.25693 0.58723 0.40072 0.80662 0.84588 1.00000 0.90696 0.43618 0.41945 0.36797
0.10808 0.20295 0.30864 0.38846 0.63848 0.36611 0.77622 0.94565 0.90696 1.00000 0.30984 0.35482 0.33870
-0.45296 -0.30883 -0.16126 -0.03823 0.12504 0.60673 0.30367 0.25224 0.43618 0.30984 1.00000 0.90544 0.84914
-0.05806 -0.00422 0.06169 0.07996 0.23365 0.32995 0.32821 0.32962 0.41945 0.35482 0.90544 1.00000 0.96262
0.04792 0.12896 0.22045 0.27937 0.27376 0.32917 0.38648 0.37747 0.36797 0.33870 0.84914 0.96262 1.00000
# #######################################################################################################################
# ### ENERGY MOMENTS DATA AND BRANCHING RATIOS FOR GAMBINO ANALYSIS (BELLE: hep-ex/0610012)
# #######################################################################################################################
CorrelatedGaussianObservables BCLNElBelle 8
BinnedObservable Elmom1_BI1.0  Elmoment1_BClnu  Elmom1_BI1.0   1.52666   1.56886   MCMC  weight   1.54776   0.00422   0.  1.0  0.
BinnedObservable Elmom1_BI1.4  Elmoment1_BClnu  Elmom1_BI1.4   1.70591   1.73401   MCMC  weight   1.71996   0.00281   0.  1.4  0.
BinnedObservable Elmom2_BI0.6  Elmoment2_BClnu  Elmom2_BI0.6   0.13075   0.16155   MCMC  weight   0.14615   0.00308   0.  0.6  0.
BinnedObservable Elmom2_BI1.4  Elmoment2_BClnu  Elmom2_BI1.4   0.03524   0.04274   MCMC  weight   0.03899   0.00075   0.  1.4  0.
BinnedObservable Elmom3_BI0.8  Elmoment3_BClnu  Elmom3_BI0.8  -0.00785   0.00095   MCMC  weight  -0.00345   0.00088   0.  0.8  0.
BinnedObservable Elmom3_BI1.2  Elmoment3_BClnu  Elmom3_BI1.2   0.00080   0.00400   MCMC  weight   0.00240   0.00032   0.  1.2  0.
BinnedObservable PartialBRavgBI0.6  PartialAverageBR_BClnu  PartialBRavgBI0.6   0.0867   0.1147   MCMC  weight  0.1007  0.0028   0.  0.6  0.
BinnedObservable PartialBRavgBI1.4  PartialAverageBR_BClnu  PartialBRavgBI1.4   0.0472   0.0632   MCMC  weight  0.0552  0.0016   0.  1.4  0.
1.00 0.73 0.04 0.39 0.70 0.74 -0.12 -0.06
0.73 1.00 0.51 0.56 0.48 0.78 0.26 0.09
0.04 0.51 1.00 0.44 -0.26 0.30 0.52 0.37
0.39 0.56 0.44 1.00 0.39 0.59 0.37 0.58
0.70 0.48 -0.26 0.39 1.00 0.73 0.06 0.05
0.74 0.78 0.30 0.59 0.73 1.00 0.25 0.10
-0.12 0.26 0.52 0.37 0.06 0.25 1.00 0.83
-0.06 0.09 0.37 0.58 0.05 0.10 0.83 1.00
# #######################################################################################################################
# ### ENERGY MOMENTS DATA FOR GAMBINO ANALYSIS (DELPHI: hep-ex/0510024)
# #######################################################################################################################
CorrelatedGaussianObservables BCLNElDelphi 3
BinnedObservable Elmom1_DL0.0  Elmoment1_BClnu  Elmom1_DL0.0   1.3192   1.4372   MCMC  weight   1.3782   0.0118   0.  0.0  0.
BinnedObservable Elmom2_DL0.0  Elmoment2_BClnu  Elmom2_DL0.0   0.1438   0.2238   MCMC  weight   0.1838   0.0080   0.  0.0  0.
BinnedObservable Elmom3_DL0.0  Elmoment3_BClnu  Elmom3_DL0.0  -0.0496  -0.0106   MCMC  weight  -0.0301   0.0039   0.  0.0  0.
1.0000 -0.6942 -0.2578
-0.6942 1.0000 -0.1286
-0.2578 -0.1286 1.0000
# #######################################################################################################################
# ### Vcb EXTRACTION OBSERVABLE
# #######################################################################################################################
Observable    Vcb_BClnu  Vcb_BClnu  Vcb_BClnu   1   -1   noMCMC   noweight
Observable    MuPi       MuPi       MuPi        1   -1   noMCMC   noweight
Observable    MuG        MuG        MuG         1   -1   noMCMC   noweight
Observable    RhoD       RhoD       RhoD        1   -1   noMCMC   noweight
Observable    RhoLS      RhoLS      RhoLS       1   -1   noMCMC   noweight
Observable2D  Vcb_RhoD  RhoD  RhoD  -0.10   0.40   noMCMC   noweight  Vcb_BClnu   Vcb_BClnu    0.035   0.050
Observable2D  MuPi_RhoD MuPi  MuPi   0.05   0.70   noMCMC   noweight  RhoD        RhoD        -0.10    0.40
Observable2D  Vcb_RhoD_2  RhoD  RhoD   0.08   0.35   noMCMC   noweight  Vcb_BClnu   Vcb_BClnu    0.0406  0.0452
Observable2D  MuPi_RhoD_2 MuPi  MuPi   0.28   0.80   noMCMC   noweight  RhoD        RhoD         0.08    0.35
#
# BinnedObservable  El1_0.0_chain   Elmoment1_BClnu         El1_0.0_chain  1.3192    1.4372   noMCMC writeChain 0. 0. 0. 0.0  0.
# BinnedObservable  El1_0.6_chain   Elmoment1_BClnu         El1_0.6_chain  1.40459   1.47429  noMCMC writeChain 0. 0. 0. 0.6  0.
# BinnedObservable  El1_0.8_chain   Elmoment1_BClnu         El1_0.8_chain  1.46776   1.50706  noMCMC writeChain 0. 0. 0. 0.8  0.
# BinnedObservable  El1_1.0_chain   Elmoment1_BClnu         El1_1.0_chain  1.53611   1.56381  noMCMC writeChain 0. 0. 0. 1.0  0.
# BinnedObservable  El1_1.2_chain   Elmoment1_BClnu         El1_1.2_chain  1.61864   1.64204  noMCMC writeChain 0. 0. 0. 1.2  0.
# BinnedObservable  El1_1.5_chain   Elmoment1_BClnu         El1_1.5_chain  1.76287   1.78497  noMCMC writeChain 0. 0. 0. 1.5  0.
# #
# BinnedObservable  El2_0.0_chain   Elmoment2_BClnu         El2_0.0_chain  0.1438    0.2238   noMCMC writeChain 0. 0. 0. 0.0  0.
# BinnedObservable  El2_0.6_chain   Elmoment2_BClnu         El2_0.6_chain  0.12961   0.16061  noMCMC writeChain 0. 0. 0. 0.6  0.
# BinnedObservable  El2_1.0_chain   Elmoment2_BClnu         El2_1.0_chain  0.08321   0.09431  noMCMC writeChain 0. 0. 0. 1.0  0.
# BinnedObservable  El2_1.4_chain   Elmoment2_BClnu         El2_1.4_chain  0.03524   0.04274  noMCMC writeChain 0. 0. 0. 1.4  0.
# BinnedObservable  El2_1.5_chain   Elmoment2_BClnu         El2_1.5_chain  0.02536   0.03496  noMCMC writeChain 0. 0. 0. 1.5  0.
# #
# BinnedObservable  El3_0.0_chain   Elmoment3_BClnu         El3_0.0_chain -0.0496   -0.0106   noMCMC writeChain 0. 0. 0. 0.0  0.
# BinnedObservable  El3_0.8_chain   Elmoment3_BClnu         El3_0.8_chain -0.00785   0.00095  noMCMC writeChain 0. 0. 0. 0.8  0.
# BinnedObservable  El3_1.2_chain   Elmoment3_BClnu         El3_1.2_chain  0.00080   0.00400  noMCMC writeChain 0. 0. 0. 1.2  0.
# #
# BinnedObservable  BR_0.6_chain    PartialAverageBR_BClnu  BR_0.6_chain   0.08985   0.11255  noMCMC writeChain 0. 0. 0. 0.6  0.
# BinnedObservable  BR_1.2_chain    PartialAverageBR_BClnu  BR_1.2_chain   0.06695   0.07865  noMCMC writeChain 0. 0. 0. 1.2  0.
# BinnedObservable  BR_1.4_chain    PartialAverageBR_BClnu  BR_1.4_chain   0.0472    0.0632   noMCMC writeChain 0. 0. 0. 1.4  0.
# BinnedObservable  BR_1.5_chain    PartialAverageBR_BClnu  BR_1.5_chain   0.04338   0.05238  noMCMC writeChain 0. 0. 0. 1.5  0.
# #
# Observable  MuPi   MuPi   MuPi     1  -1   noMCMC writeChain
# Observable  MuG    MuG    MuG      1  -1   noMCMC writeChain
# Observable  RhoD   RhoD   RhoD     1  -1   noMCMC writeChain
# Observable  RhoLS  RhoLS  RhoLS    1  -1   noMCMC writeChain
#