######################################################################################################################
# Observables
# use one of the following formats:
# Observable  name th label min max (no)MCMC weight ave errg errf
# Observable  name th label min max (no)MCMC file filename histoname
# Observable  name th label min max  noMCMC  noweight
#
# BinnedObservables:
# use one of the following formats:
# BinnedObservable  name th label min max (no)MCMC weight ave errg errf bin_min bin_max
# BinnedObservable  name th label min max (no)MCMC file filename histoname bin_min bin_max
# BinnedObservable  name th label min max  noMCMC  noweight bin_min bin_max
#
# Observables2D
# use one of the following formats:
# Observable2D  name th1 label1 min1 max1 noMCMC noweight th2 label2 min2 max2
# Observable2D  name th1 label1 min1 max1 MCMC file filename histoname th2 label2 min2 max2
#
# The keyword "CorrelatedGaussianObservables name Nobs" initializes a set
# of Nobs correlated observables. It must be followed by exactly Nobs
# Observable lines and then by Nobs lines of Nobs numbers (the corr matrix).
#---------------------------------------------------------------------
#######################################################################################################################
### TEST OBSERVABLES 
#######################################################################################################################
# BinnedObservable  Q2moment1  Q2moment1_BClnu  Q2moment1_BClnu   1  -1 noMCMC noweight  0. 0.   0.   4.0    0.
# BinnedObservable  Q2moment2  Q2moment2_BClnu  Q2moment2_BClnu   1  -1 noMCMC noweight  0. 0.   0.   4.0    0.
# BinnedObservable  Q2moment3  Q2moment3_BClnu  Q2moment3_BClnu   1  -1 noMCMC noweight  0. 0.   0.   4.0    0.
# BinnedObservable  Elmoment1  Elmoment1_BClnu  Elmoment1   1  -1 noMCMC noweight  0. 0.   0.   1.0    0.
# BinnedObservable  Elmoment2  Elmoment2_BClnu  Elmoment2   1  -1 noMCMC noweight  0. 0.   0.   1.0    0.
# BinnedObservable  Elmoment3  Elmoment3_BClnu  Elmoment3   1  -1 noMCMC noweight  0. 0.   0.   1.0    0.
# BinnedObservable  MXmoment1  MXmoment1_BClnu  MXmoment1   1  -1 noMCMC noweight  0. 0.   0.   1.0    0.
# BinnedObservable  MXmoment2  MXmoment2_BClnu  MXmoment2   1  -1 noMCMC noweight  0. 0.   0.   1.0    0.
# BinnedObservable  MXmoment3  MXmoment3_BClnu  MXmoment3   1  -1 noMCMC noweight  0. 0.   0.   1.0    0.
# BinnedObservable PartialB0BR0.4  PartialBRB0_BClnu  PartialBRB0_BClnu   1  -1 noMCMC noweight 0. 0.   0.   0.4   0.   
# BinnedObservable PartialBplusBR0.4  PartialBRBplus_BClnu  PartialBRBplus_BClnu   1  -1 noMCMC noweight 0. 0.   0.   0.4   0.   
# BinnedObservable PartialRate  PartialRate_BClnu  PartialRate_BClnu   1  -1 noMCMC noweight 0.   0.   0.   1.0    0.  
# Observable  TotalRate  TotalRate_BClnu  TotalRate_BClnu   1  -1   noMCMC   noweight
# Observable  B0Ratio  B0Ratio_BClnu  B0Ratio_BClnu   1  -1   noMCMC   noweight 
# Observable  BplusRatio  BplusRatio_BClnu  BplusRatio_BClnu   1  -1   noMCMC   noweight 
# #######################################################################################################################
# ### Q2 DATA 
# #######################################################################################################################
# #######################################################################################################################
# ### FULL DATA FROM BELLE
# #######################################################################################################################
# CorrelatedGaussianObservables BCLNQ2Belle 45
# BinnedObservable Q2mom1_BI3.0  Q2moment1_BClnu  Q2mom1_BI3.0  1  -1  MCMC  weight  6.32039   0.11113  0.  3.0  0.
# BinnedObservable Q2mom1_BI3.5  Q2moment1_BClnu  Q2mom1_BI3.5  1  -1  MCMC  weight  6.52356   0.10051  0.  3.5  0.
# BinnedObservable Q2mom1_BI4.0  Q2moment1_BClnu  Q2mom1_BI4.0  1  -1  MCMC  weight  6.82087   0.09493  0.  4.0  0.
# BinnedObservable Q2mom1_BI4.5  Q2moment1_BClnu  Q2mom1_BI4.5  1  -1  MCMC  weight  7.11498   0.08799  0.  4.5  0.
# BinnedObservable Q2mom1_BI5.0  Q2moment1_BClnu  Q2mom1_BI5.0  1  -1  MCMC  weight  7.41431   0.08246  0.  5.0  0.
# BinnedObservable Q2mom1_BI5.5  Q2moment1_BClnu  Q2mom1_BI5.5  1  -1  MCMC  weight  7.71370   0.07825  0.  5.5  0.
# BinnedObservable Q2mom1_BI6.0  Q2moment1_BClnu  Q2mom1_BI6.0  1  -1  MCMC  weight  8.01190   0.07233  0.  6.0  0.
# BinnedObservable Q2mom1_BI6.5  Q2moment1_BClnu  Q2mom1_BI6.5  1  -1  MCMC  weight  8.31062   0.06613  0.  6.5  0.
# BinnedObservable Q2mom1_BI7.0  Q2moment1_BClnu  Q2mom1_BI7.0  1  -1  MCMC  weight  8.60397   0.06232  0.  7.0  0.
# BinnedObservable Q2mom1_BI7.5  Q2moment1_BClnu  Q2mom1_BI7.5  1  -1  MCMC  weight  8.89685   0.05849  0.  7.5  0.
# BinnedObservable Q2mom1_BI8.0  Q2moment1_BClnu  Q2mom1_BI8.0  1  -1  MCMC  weight  9.19951   0.05368  0.  8.0  0.
# BinnedObservable Q2mom1_BI8.5  Q2moment1_BClnu  Q2mom1_BI8.5  1  -1  MCMC  weight  9.49316   0.05317  0.  8.5  0.
# BinnedObservable Q2mom1_BI9.0  Q2moment1_BClnu  Q2mom1_BI9.0  1  -1  MCMC  weight  9.78650   0.04849  0.  9.0  0.
# BinnedObservable Q2mom1_BI9.5  Q2moment1_BClnu  Q2mom1_BI9.5  1  -1  MCMC  weight  10.0792   0.04862  0.  9.5  0.
# BinnedObservable Q2mom1_BI10.  Q2moment1_BClnu  Q2mom1_BI10.  1  -1  MCMC  weight  10.3926   0.05137  0.  10.  0.
# BinnedObservable Q2mom2_BI3.0  Q2moment2_BClnu  Q2mom2_BI3.0  1  -1  MCMC  weight  4.43974   0.18378  0.  3.0  0.
# BinnedObservable Q2mom2_BI3.5  Q2moment2_BClnu  Q2mom2_BI3.5  1  -1  MCMC  weight  3.91958   0.19131  0.  3.5  0.
# BinnedObservable Q2mom2_BI4.0  Q2moment2_BClnu  Q2mom2_BI4.0  1  -1  MCMC  weight  3.42402   0.18836  0.  4.0  0.
# BinnedObservable Q2mom2_BI4.5  Q2moment2_BClnu  Q2mom2_BI4.5  1  -1  MCMC  weight  2.98802   0.18254  0.  4.5  0.
# BinnedObservable Q2mom2_BI5.0  Q2moment2_BClnu  Q2mom2_BI5.0  1  -1  MCMC  weight  2.56534   0.17791  0.  5.0  0.
# BinnedObservable Q2mom2_BI5.5  Q2moment2_BClnu  Q2mom2_BI5.5  1  -1  MCMC  weight  2.19058   0.17006  0.  5.5  0.
# BinnedObservable Q2mom2_BI6.0  Q2moment2_BClnu  Q2mom2_BI6.0  1  -1  MCMC  weight  1.83119   0.16413  0.  6.0  0.
# BinnedObservable Q2mom2_BI6.5  Q2moment2_BClnu  Q2mom2_BI6.5  1  -1  MCMC  weight  1.51747   0.15919  0.  6.5  0.
# BinnedObservable Q2mom2_BI7.0  Q2moment2_BClnu  Q2mom2_BI7.0  1  -1  MCMC  weight  1.22903   0.15145  0.  7.0  0.
# BinnedObservable Q2mom2_BI7.5  Q2moment2_BClnu  Q2mom2_BI7.5  1  -1  MCMC  weight  0.978678  0.150864  0.  7.5  0.
# BinnedObservable Q2mom2_BI8.0  Q2moment2_BClnu  Q2mom2_BI8.0  1  -1  MCMC  weight  0.783777  0.147897  0.  8.0  0.
# BinnedObservable Q2mom2_BI8.5  Q2moment2_BClnu  Q2mom2_BI8.5  1  -1  MCMC  weight  0.608024  0.146173  0.  8.5  0.
# BinnedObservable Q2mom2_BI9.0  Q2moment2_BClnu  Q2mom2_BI9.0  1  -1  MCMC  weight  0.455155  0.144621  0.  9.0  0.
# BinnedObservable Q2mom2_BI9.5  Q2moment2_BClnu  Q2mom2_BI9.5  1  -1  MCMC  weight  0.364042  0.155623  0.  9.5  0.
# BinnedObservable Q2mom2_BI10.  Q2moment2_BClnu  Q2mom2_BI10.  1  -1  MCMC  weight  0.294028  0.163249  0.  10.  0.
# BinnedObservable Q2mom3_BI3.0  Q2moment3_BClnu  Q2mom3_BI3.0  1  -1  MCMC  weight  4.12971   0.86078   0.  3.0  0.
# BinnedObservable Q2mom3_BI3.5  Q2moment3_BClnu  Q2mom3_BI3.5  1  -1  MCMC  weight  3.39010   0.69749   0.  3.5  0.
# BinnedObservable Q2mom3_BI4.0  Q2moment3_BClnu  Q2mom3_BI4.0  1  -1  MCMC  weight  2.68669   0.59330   0.  4.0  0.
# BinnedObservable Q2mom3_BI4.5  Q2moment3_BClnu  Q2mom3_BI4.5  1  -1  MCMC  weight  2.24187   0.51238   0.  4.5  0.
# BinnedObservable Q2mom3_BI5.0  Q2moment3_BClnu  Q2mom3_BI5.0  1  -1  MCMC  weight  1.79418   0.46522   0.  5.0  0.
# BinnedObservable Q2mom3_BI5.5  Q2moment3_BClnu  Q2mom3_BI5.5  1  -1  MCMC  weight  1.50679   0.41732   0.  5.5  0.
# BinnedObservable Q2mom3_BI6.0  Q2moment3_BClnu  Q2mom3_BI6.0  1  -1  MCMC  weight  1.16277   0.37909   0.  6.0  0.
# BinnedObservable Q2mom3_BI6.5  Q2moment3_BClnu  Q2mom3_BI6.5  1  -1  MCMC  weight  0.978611  0.354606  0.  6.5  0.
# BinnedObservable Q2mom3_BI7.0  Q2moment3_BClnu  Q2mom3_BI7.0  1  -1  MCMC  weight  0.752695  0.325157  0.  7.0  0.
# BinnedObservable Q2mom3_BI7.5  Q2moment3_BClnu  Q2mom3_BI7.5  1  -1  MCMC  weight  0.586757  0.319758  0.  7.5  0.
# BinnedObservable Q2mom3_BI8.0  Q2moment3_BClnu  Q2mom3_BI8.0  1  -1  MCMC  weight  0.536563  0.315342  0.  8.0  0.
# BinnedObservable Q2mom3_BI8.5  Q2moment3_BClnu  Q2mom3_BI8.5  1  -1  MCMC  weight  0.464963  0.297279  0.  8.5  0.
# BinnedObservable Q2mom3_BI9.0  Q2moment3_BClnu  Q2mom3_BI9.0  1  -1  MCMC  weight  0.354212  0.285919  0.  9.0  0.
# BinnedObservable Q2mom3_BI9.5  Q2moment3_BClnu  Q2mom3_BI9.5  1  -1  MCMC  weight  0.369502  0.314324  0.  9.5  0.
# BinnedObservable Q2mom3_BI10.  Q2moment3_BClnu  Q2mom3_BI10.  1  -1  MCMC  weight  0.281150  0.323788  0.  10.  0.
# 1.0000 0.9914 0.9788 0.9609 0.9306 0.8990 0.8622 0.8059 0.7564 0.7128 0.6721 0.6700 0.6417 0.6430 0.6334 0.7673 0.7357 0.6985 0.6828 0.6664 0.6413 0.6292 0.6329 0.6304 0.6289 0.6287 0.6198 0.6181 0.6097 0.6023 0.2670 0.2490 0.2563 0.2505 0.2599 0.2682 0.2818 0.2979 0.2928 0.3164 0.3092 0.3036 0.3135 0.3291 0.3374
# 0.9914 1.0000 0.9957 0.9818 0.9565 0.9272 0.8891 0.8302 0.7761 0.7291 0.6826 0.6695 0.6340 0.6285 0.6113 0.7928 0.7486 0.7071 0.6910 0.6704 0.6419 0.6273 0.6283 0.6238 0.6165 0.6130 0.6001 0.5966 0.5820 0.5703 0.2976 0.2655 0.2531 0.2290 0.2225 0.2211 0.2283 0.2418 0.2382 0.2613 0.2574 0.2542 0.2679 0.2795 0.2847
# 0.9788 0.9957 1.0000 0.9941 0.9770 0.9539 0.9206 0.8661 0.8143 0.7683 0.7209 0.7036 0.6651 0.6564 0.6360 0.8314 0.7861 0.7448 0.7289 0.7069 0.6775 0.6618 0.6611 0.6551 0.6452 0.6397 0.6252 0.6204 0.6037 0.5903 0.3597 0.3196 0.2959 0.2597 0.2412 0.2304 0.2309 0.2401 0.2342 0.2575 0.2548 0.2525 0.2682 0.2807 0.2859
# 0.9609 0.9818 0.9941 1.0000 0.9937 0.9796 0.9553 0.9105 0.8657 0.8236 0.7787 0.7599 0.7211 0.7104 0.6886 0.8796 0.8396 0.8022 0.7868 0.7653 0.7367 0.7208 0.7187 0.7112 0.7000 0.6930 0.6777 0.6718 0.6546 0.6404 0.4453 0.4016 0.3705 0.3254 0.2962 0.2753 0.2676 0.2705 0.2595 0.2831 0.2798 0.2787 0.2949 0.3102 0.3168
# 0.9306 0.9565 0.9770 0.9937 1.0000 0.9953 0.9806 0.9473 0.9101 0.8733 0.8317 0.8101 0.7704 0.7560 0.7320 0.9193 0.8840 0.8514 0.8381 0.8170 0.7898 0.7739 0.7698 0.7609 0.7473 0.7380 0.7215 0.7141 0.6956 0.6801 0.5314 0.4843 0.4447 0.3888 0.3470 0.3144 0.2967 0.2918 0.2754 0.2983 0.2945 0.2949 0.3121 0.3301 0.3377
# 0.8990 0.9272 0.9539 0.9796 0.9953 1.0000 0.9941 0.9710 0.9410 0.9091 0.8715 0.8494 0.8101 0.7944 0.7701 0.9451 0.9158 0.8880 0.8769 0.8575 0.8317 0.8163 0.8113 0.8016 0.7872 0.7769 0.7600 0.7518 0.7333 0.7174 0.6002 0.5524 0.5085 0.4463 0.3957 0.3555 0.3309 0.3201 0.2994 0.3218 0.3170 0.3192 0.3364 0.3561 0.3651
# 0.8622 0.8891 0.9206 0.9553 0.9806 0.9941 1.0000 0.9901 0.9702 0.9455 0.9141 0.8936 0.8572 0.8410 0.8173 0.9671 0.9472 0.9263 0.9180 0.9018 0.8797 0.8654 0.8596 0.8496 0.8352 0.8242 0.8077 0.7990 0.7810 0.7651 0.6723 0.6283 0.5848 0.5202 0.4633 0.4158 0.3845 0.3671 0.3409 0.3619 0.3548 0.3575 0.3732 0.3947 0.4048
# 0.8059 0.8302 0.8661 0.9105 0.9473 0.9710 0.9901 1.0000 0.9934 0.9792 0.9574 0.9384 0.9064 0.8886 0.8655 0.9802 0.9725 0.9611 0.9572 0.9456 0.9292 0.9176 0.9103 0.9003 0.8855 0.8733 0.8573 0.8475 0.8301 0.8141 0.7538 0.7167 0.6753 0.6094 0.5455 0.4890 0.4479 0.4218 0.3885 0.4065 0.3963 0.3997 0.4129 0.4365 0.4476
# 0.7564 0.7761 0.8143 0.8657 0.9101 0.9410 0.9702 0.9934 1.0000 0.9948 0.9814 0.9663 0.9398 0.9222 0.9005 0.9796 0.9831 0.9792 0.9784 0.9710 0.9597 0.9507 0.9440 0.9341 0.9204 0.9080 0.8933 0.8830 0.8669 0.8517 0.8055 0.7762 0.7404 0.6777 0.6124 0.5520 0.5054 0.4728 0.4344 0.4496 0.4358 0.4387 0.4483 0.4738 0.4860
# 0.7128 0.7291 0.7683 0.8236 0.8733 0.9091 0.9455 0.9792 0.9948 1.0000 0.9940 0.9819 0.9604 0.9423 0.9212 0.9713 0.9825 0.9847 0.9869 0.9831 0.9763 0.9699 0.9639 0.9552 0.9417 0.9290 0.9149 0.9040 0.8882 0.8732 0.8384 0.8166 0.7864 0.7273 0.6619 0.5993 0.5484 0.5105 0.4671 0.4791 0.4614 0.4635 0.4694 0.4952 0.5079
# 0.6721 0.6826 0.7209 0.7787 0.8317 0.8715 0.9141 0.9574 0.9814 0.9940 1.0000 0.9931 0.9789 0.9626 0.9437 0.9574 0.9771 0.9852 0.9901 0.9904 0.9885 0.9853 0.9808 0.9743 0.9633 0.9511 0.9390 0.9282 0.9132 0.8988 0.8607 0.8497 0.8299 0.7797 0.7188 0.6579 0.6063 0.5653 0.5186 0.5261 0.5041 0.5034 0.5040 0.5279 0.5389
# 0.6700 0.6695 0.7036 0.7599 0.8101 0.8494 0.8936 0.9384 0.9663 0.9819 0.9931 1.0000 0.9927 0.9819 0.9685 0.9437 0.9721 0.9829 0.9880 0.9917 0.9923 0.9914 0.9901 0.9861 0.9803 0.9719 0.9629 0.9535 0.9423 0.9306 0.8478 0.8479 0.8433 0.8077 0.7597 0.7077 0.6616 0.6226 0.5742 0.5807 0.5527 0.5505 0.5454 0.5693 0.5823
# 0.6417 0.6340 0.6651 0.7211 0.7704 0.8101 0.8572 0.9064 0.9398 0.9604 0.9789 0.9927 1.0000 0.9934 0.9821 0.9214 0.9559 0.9702 0.9767 0.9842 0.9892 0.9914 0.9929 0.9920 0.9899 0.9844 0.9786 0.9707 0.9596 0.9482 0.8420 0.8550 0.8650 0.8435 0.8061 0.7616 0.7198 0.6816 0.6327 0.6348 0.6007 0.5946 0.5810 0.5982 0.6086
# 0.6430 0.6285 0.6564 0.7104 0.7560 0.7944 0.8410 0.8886 0.9222 0.9423 0.9626 0.9819 0.9934 1.0000 0.9935 0.9050 0.9439 0.9590 0.9652 0.9748 0.9810 0.9844 0.9884 0.9896 0.9918 0.9897 0.9873 0.9824 0.9748 0.9652 0.8248 0.8444 0.8646 0.8535 0.8259 0.7892 0.7539 0.7203 0.6741 0.6773 0.6419 0.6351 0.6187 0.6304 0.6388
# 0.6334 0.6113 0.6360 0.6886 0.7320 0.7701 0.8173 0.8655 0.9005 0.9212 0.9437 0.9685 0.9821 0.9935 1.0000 0.8801 0.9256 0.9430 0.9493 0.9612 0.9688 0.9734 0.9792 0.9817 0.9879 0.9887 0.9893 0.9871 0.9845 0.9790 0.8082 0.8337 0.8630 0.8605 0.8411 0.8103 0.7795 0.7488 0.7041 0.7097 0.6738 0.6691 0.6525 0.6642 0.6707
# 0.7673 0.7928 0.8314 0.8796 0.9193 0.9451 0.9671 0.9802 0.9796 0.9713 0.9574 0.9437 0.9214 0.9050 0.8801 1.0000 0.9913 0.9796 0.9734 0.9609 0.9455 0.9346 0.9289 0.9211 0.9072 0.8964 0.8801 0.8693 0.8488 0.8289 0.7868 0.7582 0.7207 0.6597 0.5985 0.5464 0.5042 0.4729 0.4339 0.4428 0.4174 0.4168 0.4184 0.4277 0.4363
# 0.7357 0.7486 0.7861 0.8396 0.8840 0.9158 0.9472 0.9725 0.9831 0.9825 0.9771 0.9721 0.9559 0.9439 0.9256 0.9913 1.0000 0.9967 0.9926 0.9854 0.9750 0.9667 0.9622 0.9548 0.9451 0.9358 0.9232 0.9134 0.8986 0.8829 0.8218 0.8033 0.7785 0.7268 0.6709 0.6181 0.5743 0.5402 0.4968 0.5065 0.4803 0.4770 0.4776 0.4938 0.5049
# 0.6985 0.7071 0.7448 0.8022 0.8514 0.8880 0.9263 0.9611 0.9792 0.9847 0.9852 0.9829 0.9702 0.9590 0.9430 0.9796 0.9967 1.0000 0.9986 0.9949 0.9880 0.9817 0.9774 0.9706 0.9619 0.9529 0.9412 0.9318 0.9187 0.9041 0.8483 0.8367 0.8167 0.7681 0.7121 0.6576 0.6107 0.5727 0.5258 0.5344 0.5056 0.5054 0.5030 0.5206 0.5331
# 0.6828 0.6910 0.7289 0.7868 0.8381 0.8769 0.9180 0.9572 0.9784 0.9869 0.9901 0.9880 0.9767 0.9652 0.9493 0.9734 0.9926 0.9986 1.0000 0.9983 0.9935 0.9886 0.9845 0.9784 0.9696 0.9606 0.9490 0.9398 0.9263 0.9116 0.8600 0.8517 0.8340 0.7864 0.7297 0.6744 0.6264 0.5870 0.5394 0.5470 0.5174 0.5191 0.5163 0.5327 0.5454
# 0.6664 0.6704 0.7069 0.7653 0.8170 0.8575 0.9018 0.9456 0.9710 0.9831 0.9904 0.9917 0.9842 0.9748 0.9612 0.9609 0.9854 0.9949 0.9983 1.0000 0.9981 0.9951 0.9922 0.9874 0.9803 0.9724 0.9624 0.9540 0.9418 0.9282 0.8659 0.8642 0.8542 0.8128 0.7598 0.7068 0.6595 0.6198 0.5713 0.5783 0.5468 0.5498 0.5453 0.5604 0.5740
# 0.6413 0.6419 0.6775 0.7367 0.7898 0.8317 0.8797 0.9292 0.9597 0.9763 0.9885 0.9923 0.9892 0.9810 0.9688 0.9455 0.9750 0.9880 0.9935 0.9981 1.0000 0.9991 0.9971 0.9935 0.9876 0.9802 0.9720 0.9640 0.9521 0.9393 0.8744 0.8792 0.8763 0.8412 0.7918 0.7396 0.6922 0.6519 0.6035 0.6087 0.5772 0.5781 0.5717 0.5855 0.5968
# 0.6292 0.6273 0.6618 0.7208 0.7739 0.8163 0.8654 0.9176 0.9507 0.9699 0.9853 0.9914 0.9914 0.9844 0.9734 0.9346 0.9667 0.9817 0.9886 0.9951 0.9991 1.0000 0.9991 0.9967 0.9920 0.9853 0.9781 0.9706 0.9592 0.9468 0.8736 0.8831 0.8854 0.8554 0.8094 0.7598 0.7134 0.6732 0.6248 0.6289 0.5956 0.5969 0.5886 0.6006 0.6116
# 0.6329 0.6283 0.6611 0.7187 0.7698 0.8113 0.8596 0.9103 0.9440 0.9639 0.9808 0.9901 0.9929 0.9884 0.9792 0.9289 0.9622 0.9774 0.9845 0.9922 0.9971 0.9991 1.0000 0.9991 0.9961 0.9910 0.9850 0.9785 0.9680 0.9563 0.8634 0.8770 0.8851 0.8613 0.8209 0.7764 0.7335 0.6952 0.6475 0.6514 0.6160 0.6187 0.6080 0.6178 0.6295
# 0.6304 0.6238 0.6551 0.7112 0.7609 0.8016 0.8496 0.9003 0.9341 0.9552 0.9743 0.9861 0.9920 0.9896 0.9817 0.9211 0.9548 0.9706 0.9784 0.9874 0.9935 0.9967 0.9991 1.0000 0.9984 0.9948 0.9897 0.9840 0.9737 0.9621 0.8557 0.8738 0.8873 0.8691 0.8334 0.7936 0.7534 0.7162 0.6693 0.6723 0.6337 0.6382 0.6249 0.6302 0.6423
# 0.6289 0.6165 0.6452 0.7000 0.7473 0.7872 0.8352 0.8855 0.9204 0.9417 0.9633 0.9803 0.9899 0.9918 0.9879 0.9072 0.9451 0.9619 0.9696 0.9803 0.9876 0.9920 0.9961 0.9984 1.0000 0.9986 0.9959 0.9919 0.9842 0.9746 0.8422 0.8658 0.8875 0.8777 0.8500 0.8159 0.7801 0.7458 0.7003 0.7040 0.6646 0.6687 0.6538 0.6583 0.6701
# 0.6287 0.6130 0.6397 0.6930 0.7380 0.7769 0.8242 0.8733 0.9080 0.9290 0.9511 0.9719 0.9844 0.9897 0.9887 0.8964 0.9358 0.9529 0.9606 0.9724 0.9802 0.9853 0.9910 0.9948 0.9986 1.0000 0.9983 0.9959 0.9902 0.9815 0.8279 0.8558 0.8829 0.8789 0.8568 0.8290 0.7971 0.7651 0.7203 0.7248 0.6817 0.6908 0.6741 0.6749 0.6899
# 0.6198 0.6001 0.6252 0.6777 0.7215 0.7600 0.8077 0.8573 0.8933 0.9149 0.9390 0.9629 0.9786 0.9873 0.9893 0.8801 0.9232 0.9412 0.9490 0.9624 0.9720 0.9781 0.9850 0.9897 0.9959 0.9983 1.0000 0.9989 0.9948 0.9884 0.8206 0.8523 0.8870 0.8905 0.8748 0.8500 0.8215 0.7933 0.7522 0.7572 0.7184 0.7219 0.7066 0.7071 0.7173
# 0.6181 0.5966 0.6204 0.6718 0.7141 0.7518 0.7990 0.8475 0.8830 0.9040 0.9282 0.9535 0.9707 0.9824 0.9871 0.8693 0.9134 0.9318 0.9398 0.9540 0.9640 0.9706 0.9785 0.9840 0.9919 0.9959 0.9989 1.0000 0.9974 0.9925 0.8127 0.8475 0.8855 0.8928 0.8812 0.8602 0.8350 0.8092 0.7703 0.7770 0.7383 0.7457 0.7300 0.7287 0.7376
# 0.6097 0.5820 0.6037 0.6546 0.6956 0.7333 0.7810 0.8301 0.8669 0.8882 0.9132 0.9423 0.9596 0.9748 0.9845 0.8488 0.8986 0.9187 0.9263 0.9418 0.9521 0.9592 0.9680 0.9737 0.9842 0.9902 0.9948 0.9974 1.0000 0.9982 0.7973 0.8344 0.8773 0.8890 0.8820 0.8644 0.8419 0.8180 0.7790 0.7887 0.7507 0.7613 0.7482 0.7508 0.7654
# 0.6023 0.5703 0.5903 0.6404 0.6801 0.7174 0.7651 0.8141 0.8517 0.8732 0.8988 0.9306 0.9482 0.9652 0.9790 0.8289 0.8829 0.9041 0.9116 0.9282 0.9393 0.9468 0.9563 0.9621 0.9746 0.9815 0.9884 0.9925 0.9982 1.0000 0.7844 0.8240 0.8718 0.8883 0.8862 0.8709 0.8510 0.8303 0.7938 0.8056 0.7724 0.7818 0.7706 0.7783 0.7906
# 0.2670 0.2976 0.3597 0.4453 0.5314 0.6002 0.6723 0.7538 0.8055 0.8384 0.8607 0.8478 0.8420 0.8248 0.8082 0.7868 0.8218 0.8483 0.8600 0.8659 0.8744 0.8736 0.8634 0.8557 0.8422 0.8279 0.8206 0.8127 0.7973 0.7844 1.0000 0.9878 0.9433 0.8687 0.7768 0.6886 0.6123 0.5558 0.5120 0.5149 0.5043 0.5134 0.5180 0.5296 0.5226
# 0.2490 0.2655 0.3196 0.4016 0.4843 0.5524 0.6283 0.7167 0.7762 0.8166 0.8497 0.8479 0.8550 0.8444 0.8337 0.7582 0.8033 0.8367 0.8517 0.8642 0.8792 0.8831 0.8770 0.8738 0.8658 0.8558 0.8523 0.8475 0.8344 0.8240 0.9878 1.0000 0.9813 0.9304 0.8568 0.7822 0.7128 0.6575 0.6127 0.6109 0.5902 0.6019 0.5949 0.5988 0.5892
# 0.2563 0.2531 0.2959 0.3705 0.4447 0.5085 0.5848 0.6753 0.7404 0.7864 0.8299 0.8433 0.8650 0.8646 0.8630 0.7207 0.7785 0.8167 0.8340 0.8542 0.8763 0.8854 0.8851 0.8873 0.8875 0.8829 0.8870 0.8855 0.8773 0.8718 0.9433 0.9813 1.0000 0.9826 0.9371 0.8809 0.8253 0.7779 0.7358 0.7308 0.7048 0.7071 0.6944 0.6915 0.6790
# 0.2505 0.2290 0.2597 0.3254 0.3888 0.4463 0.5202 0.6094 0.6777 0.7273 0.7797 0.8077 0.8435 0.8535 0.8605 0.6597 0.7268 0.7681 0.7864 0.8128 0.8412 0.8554 0.8613 0.8691 0.8777 0.8789 0.8905 0.8928 0.8890 0.8883 0.8687 0.9304 0.9826 1.0000 0.9851 0.9513 0.9119 0.8745 0.8382 0.8301 0.7998 0.7961 0.7749 0.7642 0.7467
# 0.2599 0.2225 0.2412 0.2962 0.3470 0.3957 0.4633 0.5455 0.6124 0.6619 0.7188 0.7597 0.8061 0.8259 0.8411 0.5985 0.6709 0.7121 0.7297 0.7598 0.7918 0.8094 0.8209 0.8334 0.8500 0.8568 0.8748 0.8812 0.8820 0.8862 0.7768 0.8568 0.9371 0.9851 1.0000 0.9885 0.9659 0.9400 0.9108 0.9017 0.8688 0.8612 0.8329 0.8167 0.7944
# 0.2682 0.2211 0.2304 0.2753 0.3144 0.3555 0.4158 0.4890 0.5520 0.5993 0.6579 0.7077 0.7616 0.7892 0.8103 0.5464 0.6181 0.6576 0.6744 0.7068 0.7396 0.7598 0.7764 0.7936 0.8159 0.8290 0.8500 0.8602 0.8644 0.8709 0.6886 0.7822 0.8809 0.9513 0.9885 1.0000 0.9923 0.9757 0.9515 0.9419 0.9004 0.9019 0.8656 0.8389 0.8212
# 0.2818 0.2283 0.2309 0.2676 0.2967 0.3309 0.3845 0.4479 0.5054 0.5484 0.6063 0.6616 0.7198 0.7539 0.7795 0.5042 0.5743 0.6107 0.6264 0.6595 0.6922 0.7134 0.7335 0.7534 0.7801 0.7971 0.8215 0.8350 0.8419 0.8510 0.6123 0.7128 0.8253 0.9119 0.9659 0.9923 1.0000 0.9941 0.9781 0.9697 0.9296 0.9278 0.8910 0.8592 0.8369
# 0.2979 0.2418 0.2401 0.2705 0.2918 0.3201 0.3671 0.4218 0.4728 0.5105 0.5653 0.6226 0.6816 0.7203 0.7488 0.4729 0.5402 0.5727 0.5870 0.6198 0.6519 0.6732 0.6952 0.7162 0.7458 0.7651 0.7933 0.8092 0.8180 0.8303 0.5558 0.6575 0.7779 0.8745 0.9400 0.9757 0.9941 1.0000 0.9932 0.9876 0.9560 0.9492 0.9169 0.8843 0.8567
# 0.2928 0.2382 0.2342 0.2595 0.2754 0.2994 0.3409 0.3885 0.4344 0.4671 0.5186 0.5742 0.6327 0.6741 0.7041 0.4339 0.4968 0.5258 0.5394 0.5713 0.6035 0.6248 0.6475 0.6693 0.7003 0.7203 0.7522 0.7703 0.7790 0.7938 0.5120 0.6127 0.7358 0.8382 0.9108 0.9515 0.9781 0.9932 1.0000 0.9966 0.9774 0.9639 0.9355 0.9013 0.8602
# 0.3164 0.2613 0.2575 0.2831 0.2983 0.3218 0.3619 0.4065 0.4496 0.4791 0.5261 0.5807 0.6348 0.6773 0.7097 0.4428 0.5065 0.5344 0.5470 0.5783 0.6087 0.6289 0.6514 0.6723 0.7040 0.7248 0.7572 0.7770 0.7887 0.8056 0.5149 0.6109 0.7308 0.8301 0.9017 0.9419 0.9697 0.9876 0.9966 1.0000 0.9856 0.9780 0.9573 0.9272 0.8904
# 0.3092 0.2574 0.2548 0.2798 0.2945 0.3170 0.3548 0.3963 0.4358 0.4614 0.5041 0.5527 0.6007 0.6419 0.6738 0.4174 0.4803 0.5056 0.5174 0.5468 0.5772 0.5956 0.6160 0.6337 0.6646 0.6817 0.7184 0.7383 0.7507 0.7724 0.5043 0.5902 0.7048 0.7998 0.8688 0.9004 0.9296 0.9560 0.9774 0.9856 1.0000 0.9742 0.9685 0.9546 0.8996
# 0.3036 0.2542 0.2525 0.2787 0.2949 0.3192 0.3575 0.3997 0.4387 0.4635 0.5034 0.5505 0.5946 0.6351 0.6691 0.4168 0.4770 0.5054 0.5191 0.5498 0.5781 0.5969 0.6187 0.6382 0.6687 0.6908 0.7219 0.7457 0.7613 0.7818 0.5134 0.6019 0.7071 0.7961 0.8612 0.9019 0.9278 0.9492 0.9639 0.9780 0.9742 1.0000 0.9869 0.9659 0.9392
# 0.3135 0.2679 0.2682 0.2949 0.3121 0.3364 0.3732 0.4129 0.4483 0.4694 0.5040 0.5454 0.5810 0.6187 0.6525 0.4184 0.4776 0.5030 0.5163 0.5453 0.5717 0.5886 0.6080 0.6249 0.6538 0.6741 0.7066 0.7300 0.7482 0.7706 0.5180 0.5949 0.6944 0.7749 0.8329 0.8656 0.8910 0.9169 0.9355 0.9573 0.9685 0.9869 1.0000 0.9846 0.9637
# 0.3291 0.2795 0.2807 0.3102 0.3301 0.3561 0.3947 0.4365 0.4738 0.4952 0.5279 0.5693 0.5982 0.6304 0.6642 0.4277 0.4938 0.5206 0.5327 0.5604 0.5855 0.6006 0.6178 0.6302 0.6583 0.6749 0.7071 0.7287 0.7508 0.7783 0.5296 0.5988 0.6915 0.7642 0.8167 0.8389 0.8592 0.8843 0.9013 0.9272 0.9546 0.9659 0.9846 1.0000 0.9771
# 0.3374 0.2847 0.2859 0.3168 0.3377 0.3651 0.4048 0.4476 0.4860 0.5079 0.5389 0.5823 0.6086 0.6388 0.6707 0.4363 0.5049 0.5331 0.5454 0.5740 0.5968 0.6116 0.6295 0.6423 0.6701 0.6899 0.7173 0.7376 0.7654 0.7906 0.5226 0.5892 0.6790 0.7467 0.7944 0.8212 0.8369 0.8567 0.8602 0.8904 0.8996 0.9392 0.9637 0.9771 1.0000
# #######################################################################################################################
# ### FULL DATA FROM BELLEII
# #######################################################################################################################
# CorrelatedGaussianObservables BCLNQ2BelleII 45
# BinnedObservable Q2mom1_BII1.5  Q2moment1_BClnu  Q2mom1_BII1.5  1  -1  MCMC  weight  5.1555   0.1114    0.  1.5  0.
# BinnedObservable Q2mom1_BII2.0  Q2moment1_BClnu  Q2mom1_BII2.0  1  -1  MCMC  weight  5.4879   0.1098    0.  2.0  0.
# BinnedObservable Q2mom1_BII2.5  Q2moment1_BClnu  Q2mom1_BII2.5  1  -1  MCMC  weight  5.7874   0.1050    0.  2.5  0.
# BinnedObservable Q2mom1_BII3.0  Q2moment1_BClnu  Q2mom1_BII3.0  1  -1  MCMC  weight  6.0855   0.1003    0.  3.0  0.
# BinnedObservable Q2mom1_BII3.5  Q2moment1_BClnu  Q2mom1_BII3.5  1  -1  MCMC  weight  6.3771   0.0923    0.  3.5  0.
# BinnedObservable Q2mom1_BII4.0  Q2moment1_BClnu  Q2mom1_BII4.0  1  -1  MCMC  weight  6.6907   0.0829    0.  4.0  0.
# BinnedObservable Q2mom1_BII4.5  Q2moment1_BClnu  Q2mom1_BII4.5  1  -1  MCMC  weight  7.0091   0.0725    0.  4.5  0.
# BinnedObservable Q2mom1_BII5.0  Q2moment1_BClnu  Q2mom1_BII5.0  1  -1  MCMC  weight  7.3240   0.0651    0.  5.0  0.
# BinnedObservable Q2mom1_BII5.5  Q2moment1_BClnu  Q2mom1_BII5.5  1  -1  MCMC  weight  7.6244   0.0595    0.  5.5  0.
# BinnedObservable Q2mom1_BII6.0  Q2moment1_BClnu  Q2mom1_BII6.0  1  -1  MCMC  weight  7.9280   0.0555    0.  6.0  0.
# BinnedObservable Q2mom1_BII6.5  Q2moment1_BClnu  Q2mom1_BII6.5  1  -1  MCMC  weight  8.2291   0.0526    0.  6.5  0.
# BinnedObservable Q2mom1_BII7.0  Q2moment1_BClnu  Q2mom1_BII7.0  1  -1  MCMC  weight  8.5285   0.0516    0.  7.0  0.
# BinnedObservable Q2mom1_BII7.5  Q2moment1_BClnu  Q2mom1_BII7.5  1  -1  MCMC  weight  8.8177   0.0518    0.  7.5  0.
# BinnedObservable Q2mom1_BII8.0  Q2moment1_BClnu  Q2mom1_BII8.0  1  -1  MCMC  weight  9.1047   0.0528    0.  8.0  0.
# BinnedObservable Q2mom1_BII8.5  Q2moment1_BClnu  Q2mom1_BII8.5  1  -1  MCMC  weight  9.3909   0.0547    0.  8.5  0.
# BinnedObservable Q2mom2_BII1.5  Q2moment2_BClnu  Q2mom2_BII1.5  1  -1  MCMC  weight  5.9706   0.2393    0.  1.5  0.
# BinnedObservable Q2mom2_BII2.0  Q2moment2_BClnu  Q2mom2_BII2.0  1  -1  MCMC  weight  5.3187   0.2037    0.  2.0  0.
# BinnedObservable Q2mom2_BII2.5  Q2moment2_BClnu  Q2mom2_BII2.5  1  -1  MCMC  weight  4.7167   0.1830    0.  2.5  0.
# BinnedObservable Q2mom2_BII3.0  Q2moment2_BClnu  Q2mom2_BII3.0  1  -1  MCMC  weight  4.1486   0.1697    0.  3.0  0.
# BinnedObservable Q2mom2_BII3.5  Q2moment2_BClnu  Q2mom2_BII3.5  1  -1  MCMC  weight  3.6450   0.1606    0.  3.5  0.
# BinnedObservable Q2mom2_BII4.0  Q2moment2_BClnu  Q2mom2_BII4.0  1  -1  MCMC  weight  3.1516   0.1515    0.  4.0  0.
# BinnedObservable Q2mom2_BII4.5  Q2moment2_BClnu  Q2mom2_BII4.5  1  -1  MCMC  weight  2.6949   0.1435    0.  4.5  0.
# BinnedObservable Q2mom2_BII5.0  Q2moment2_BClnu  Q2mom2_BII5.0  1  -1  MCMC  weight  2.2632   0.1356    0.  5.0  0.
# BinnedObservable Q2mom2_BII5.5  Q2moment2_BClnu  Q2mom2_BII5.5  1  -1  MCMC  weight  1.8694   0.1291    0.  5.5  0.
# BinnedObservable Q2mom2_BII6.0  Q2moment2_BClnu  Q2mom2_BII6.0  1  -1  MCMC  weight  1.5009   0.1243    0.  6.0  0.
# BinnedObservable Q2mom2_BII6.5  Q2moment2_BClnu  Q2mom2_BII6.5  1  -1  MCMC  weight  1.1833   0.1223    0.  6.5  0.
# BinnedObservable Q2mom2_BII7.0  Q2moment2_BClnu  Q2mom2_BII7.0  1  -1  MCMC  weight  0.8838   0.1248    0.  7.0  0.
# BinnedObservable Q2mom2_BII7.5  Q2moment2_BClnu  Q2mom2_BII7.5  1  -1  MCMC  weight  0.64545  0.13210   0.  7.5  0.
# BinnedObservable Q2mom2_BII8.0  Q2moment2_BClnu  Q2mom2_BII8.0  1  -1  MCMC  weight  0.43519  0.14627   0.  8.0  0.
# BinnedObservable Q2mom2_BII8.5  Q2moment2_BClnu  Q2mom2_BII8.5  1  -1  MCMC  weight  0.28012  0.11691   0.  8.5  0.
# BinnedObservable Q2mom3_BII1.5  Q2moment3_BClnu  Q2mom3_BII1.5  1  -1  MCMC  weight  4.7354   0.8377    0.  1.5  0.
# BinnedObservable Q2mom3_BII2.0  Q2moment3_BClnu  Q2mom3_BII2.0  1  -1  MCMC  weight  3.7373   0.6916    0.  2.0  0.
# BinnedObservable Q2mom3_BII2.5  Q2moment3_BClnu  Q2mom3_BII2.5  1  -1  MCMC  weight  3.0459   0.5959    0.  2.5  0.
# BinnedObservable Q2mom3_BII3.0  Q2moment3_BClnu  Q2mom3_BII3.0  1  -1  MCMC  weight  2.4946   0.5338    0.  3.0  0.
# BinnedObservable Q2mom3_BII3.5  Q2moment3_BClnu  Q2mom3_BII3.5  1  -1  MCMC  weight  2.0713   0.4833    0.  3.5  0.
# BinnedObservable Q2mom3_BII4.0  Q2moment3_BClnu  Q2mom3_BII4.0  1  -1  MCMC  weight  1.5851   0.4261    0.  4.0  0.
# BinnedObservable Q2mom3_BII4.5  Q2moment3_BClnu  Q2mom3_BII4.5  1  -1  MCMC  weight  1.0758   0.3846    0.  4.5  0.
# BinnedObservable Q2mom3_BII5.0  Q2moment3_BClnu  Q2mom3_BII5.0  1  -1  MCMC  weight  0.73408  0.35853   0.  5.0  0.
# BinnedObservable Q2mom3_BII5.5  Q2moment3_BClnu  Q2mom3_BII5.5  1  -1  MCMC  weight  0.44151  0.34947   0.  5.5  0.
# BinnedObservable Q2mom3_BII6.0  Q2moment3_BClnu  Q2mom3_BII6.0  1  -1  MCMC  weight  0.18416  0.34710   0.  6.0  0.
# BinnedObservable Q2mom3_BII6.5  Q2moment3_BClnu  Q2mom3_BII6.5  1  -1  MCMC  weight  0.05901  0.34236   0.  6.5  0.
# BinnedObservable Q2mom3_BII7.0  Q2moment3_BClnu  Q2mom3_BII7.0  1  -1  MCMC  weight -0.07691  0.33394   0.  7.0  0.
# BinnedObservable Q2mom3_BII7.5  Q2moment3_BClnu  Q2mom3_BII7.5  1  -1  MCMC  weight -0.07840  0.31021   0.  7.5  0.
# BinnedObservable Q2mom3_BII8.0  Q2moment3_BClnu  Q2mom3_BII8.0  1  -1  MCMC  weight -0.08120  0.28014   0.  8.0  0.
# BinnedObservable Q2mom3_BII8.5  Q2moment3_BClnu  Q2mom3_BII8.5  1  -1  MCMC  weight -0.03192  0.24986   0.  8.5  0.
# 1.0000 0.9766 0.9401 0.9170 0.8997 0.8770 0.8458 0.8051 0.7499 0.6802 0.5967 0.5001 0.4024 0.3094 0.2332 0.4103 0.3878 0.3793 0.3540 0.3262 0.2975 0.2836 0.2708 0.2616 0.2432 0.2383 0.2298 0.2220 0.2069 0.1896 -0.2595 -0.3102 -0.3339 -0.3796 -0.4144 -0.4056 -0.3684 -0.3112 -0.2537 -0.2141 -0.1853 -0.1823 -0.1952 -0.2580 -0.3593
# 0.9766 1.0000 0.9891 0.9761 0.9629 0.9439 0.9097 0.8646 0.8048 0.7326 0.6396 0.5381 0.4364 0.3412 0.2671 0.5254 0.4767 0.4465 0.4052 0.3682 0.3300 0.3135 0.2966 0.2850 0.2613 0.2549 0.2413 0.2291 0.2087 0.1857 -0.1752 -0.2715 -0.3264 -0.3876 -0.4268 -0.4212 -0.3831 -0.3237 -0.2606 -0.2154 -0.1819 -0.1749 -0.1859 -0.2448 -0.3402
# 0.9401 0.9891 1.0000 0.9955 0.9868 0.9733 0.9424 0.8990 0.8406 0.7704 0.6753 0.5737 0.4717 0.3766 0.3036 0.6071 0.5477 0.5024 0.4517 0.4089 0.3654 0.3468 0.3273 0.3138 0.2870 0.2778 0.2596 0.2418 0.2168 0.1886 -0.1019 -0.2232 -0.2970 -0.3656 -0.4082 -0.4057 -0.3697 -0.3128 -0.2498 -0.2040 -0.1707 -0.1629 -0.1742 -0.2298 -0.3213
# 0.9170 0.9761 0.9955 1.0000 0.9949 0.9849 0.9585 0.9185 0.8633 0.7956 0.7017 0.6022 0.5014 0.4066 0.3342 0.6448 0.5841 0.5357 0.4804 0.4346 0.3887 0.3687 0.3469 0.3305 0.2995 0.2856 0.2620 0.2389 0.2086 0.1765 -0.0546 -0.1872 -0.2711 -0.3442 -0.3933 -0.3971 -0.3661 -0.3146 -0.2548 -0.2116 -0.1803 -0.1725 -0.1833 -0.2370 -0.3241
# 0.8997 0.9629 0.9868 0.9949 1.0000 0.9946 0.9744 0.9398 0.8895 0.8268 0.7371 0.6408 0.5428 0.4494 0.3764 0.6735 0.6159 0.5684 0.5118 0.4718 0.4243 0.4010 0.3751 0.3540 0.3214 0.3016 0.2696 0.2403 0.2049 0.1674 -0.0183 -0.1530 -0.2424 -0.3208 -0.3617 -0.3718 -0.3502 -0.3089 -0.2570 -0.2137 -0.1857 -0.1842 -0.1955 -0.2467 -0.3315
# 0.8770 0.9439 0.9733 0.9849 0.9946 1.0000 0.9897 0.9646 0.9234 0.8692 0.7873 0.6969 0.6033 0.5126 0.4402 0.7193 0.6680 0.6229 0.5677 0.5270 0.4771 0.4501 0.4214 0.3958 0.3583 0.3305 0.2889 0.2494 0.2049 0.1592 0.0424 -0.0928 -0.1852 -0.2665 -0.3121 -0.3284 -0.3182 -0.2870 -0.2446 -0.2077 -0.1860 -0.1875 -0.2005 -0.2501 -0.3305
# 0.8458 0.9097 0.9424 0.9585 0.9744 0.9897 1.0000 0.9896 0.9625 0.9204 0.8517 0.7719 0.6856 0.5987 0.5258 0.7618 0.7247 0.6877 0.6377 0.5986 0.5493 0.5173 0.4834 0.4508 0.4064 0.3674 0.3138 0.2593 0.2021 0.1461 0.1163 -0.0104 -0.1010 -0.1828 -0.2350 -0.2641 -0.2689 -0.2566 -0.2302 -0.2048 -0.1918 -0.1969 -0.2138 -0.2612 -0.3347
# 0.8051 0.8646 0.8990 0.9185 0.9398 0.9646 0.9896 1.0000 0.9885 0.9603 0.9072 0.8398 0.7634 0.6827 0.6121 0.7903 0.7684 0.7406 0.6975 0.6596 0.6133 0.5776 0.5379 0.4981 0.4448 0.3931 0.3241 0.2543 0.1828 0.1160 0.1924 0.0759 -0.0131 -0.0960 -0.1573 -0.1986 -0.2251 -0.2314 -0.2220 -0.2112 -0.2071 -0.2176 -0.2359 -0.2797 -0.3419
# 0.7499 0.8048 0.8406 0.8633 0.8895 0.9234 0.9625 0.9885 1.0000 0.9874 0.9522 0.9000 0.8356 0.7639 0.6980 0.8038 0.7981 0.7812 0.7462 0.7108 0.6669 0.6291 0.5860 0.5371 0.4735 0.4079 0.3229 0.2358 0.1495 0.0717 0.2693 0.1646 0.0795 -0.0044 -0.0750 -0.1308 -0.1788 -0.2080 -0.2179 -0.2241 -0.2304 -0.2463 -0.2667 -0.3047 -0.3512
# 0.6802 0.7326 0.7704 0.7956 0.8268 0.8692 0.9204 0.9603 0.9874 1.0000 0.9841 0.9487 0.8989 0.8402 0.7825 0.8095 0.8174 0.8096 0.7810 0.7506 0.7098 0.6703 0.6237 0.5681 0.4922 0.4112 0.3093 0.2038 0.1028 0.0125 0.3415 0.2473 0.1663 0.0810 0.0070 -0.0606 -0.1293 -0.1827 -0.2158 -0.2386 -0.2573 -0.2781 -0.3017 -0.3311 -0.3599
# 0.5967 0.6396 0.6753 0.7017 0.7371 0.7873 0.8517 0.9072 0.9522 0.9841 1.0000 0.9845 0.9526 0.9089 0.8612 0.7865 0.8139 0.8197 0.8011 0.7761 0.7395 0.6982 0.6489 0.5875 0.5028 0.4035 0.2834 0.1596 0.0433 -0.0580 0.4058 0.3320 0.2608 0.1765 0.0969 0.0149 -0.0771 -0.1557 -0.2127 -0.2568 -0.2896 -0.3173 -0.3431 -0.3634 -0.3691
# 0.5001 0.5381 0.5737 0.6022 0.6408 0.6969 0.7719 0.8398 0.9000 0.9487 0.9845 1.0000 0.9850 0.9564 0.9195 0.7560 0.7969 0.8130 0.8035 0.7833 0.7498 0.7098 0.6569 0.5899 0.4977 0.3855 0.2504 0.1092 -0.0206 -0.1323 0.4688 0.4083 0.3429 0.2596 0.1744 0.0775 -0.0307 -0.1341 -0.2126 -0.2744 -0.3221 -0.3512 -0.3792 -0.3885 -0.3718
# 0.4024 0.4364 0.4717 0.5014 0.5428 0.6033 0.6856 0.7634 0.8356 0.8989 0.9526 0.9850 1.0000 0.9856 0.9605 0.7136 0.7677 0.7918 0.7913 0.7774 0.7474 0.7067 0.6521 0.5796 0.4807 0.3584 0.2108 0.0576 -0.0857 -0.2053 0.5127 0.4685 0.4089 0.3307 0.2440 0.1371 0.0117 -0.1109 -0.2094 -0.2870 -0.3449 -0.3822 -0.4075 -0.4099 -0.3697
# 0.3094 0.3412 0.3766 0.4066 0.4494 0.5126 0.5987 0.6827 0.7639 0.8402 0.9089 0.9564 0.9856 1.0000 0.9869 0.6705 0.7315 0.7610 0.7638 0.7541 0.7287 0.6878 0.6313 0.5552 0.4530 0.3234 0.1672 0.0031 -0.1483 -0.2748 0.5457 0.5107 0.4574 0.3782 0.2923 0.1814 0.0432 -0.0953 -0.2087 -0.2946 -0.3602 -0.4003 -0.4304 -0.4221 -0.3602
# 0.2332 0.2671 0.3036 0.3342 0.3764 0.4402 0.5258 0.6121 0.6980 0.7825 0.8612 0.9195 0.9605 0.9869 1.0000 0.6306 0.6927 0.7241 0.7301 0.7224 0.6990 0.6584 0.6023 0.5241 0.4161 0.2813 0.1180 -0.0513 -0.2073 -0.3380 0.5612 0.5289 0.4786 0.4011 0.3156 0.2009 0.0546 -0.0911 -0.2128 -0.3085 -0.3771 -0.4191 -0.4475 -0.4311 -0.3510
# 0.4103 0.5254 0.6071 0.6448 0.6735 0.7193 0.7618 0.7903 0.8038 0.8095 0.7865 0.7560 0.7136 0.6705 0.6306 1.0000 0.9801 0.9407 0.8946 0.8490 0.8143 0.7956 0.7765 0.7514 0.7061 0.6563 0.5748 0.4700 0.3610 0.2505 0.5812 0.4525 0.3571 0.2912 0.2331 0.1933 0.1512 0.1163 0.0843 0.0552 0.0375 0.0271 0.0088 0.0073 0.0216
# 0.3878 0.4767 0.5477 0.5841 0.6159 0.6680 0.7247 0.7684 0.7981 0.8174 0.8139 0.7969 0.7677 0.7315 0.6927 0.9801 1.0000 0.9865 0.9571 0.9229 0.8970 0.8787 0.8591 0.8311 0.7812 0.7220 0.6255 0.5067 0.3787 0.2539 0.6511 0.5641 0.4862 0.4193 0.3542 0.2991 0.2336 0.1722 0.1172 0.0670 0.0387 0.0180 0.0007 0.0015 0.0343
# 0.3793 0.4465 0.5024 0.5357 0.5684 0.6229 0.6877 0.7406 0.7812 0.8096 0.8197 0.8130 0.7918 0.7610 0.7241 0.9407 0.9865 1.0000 0.9875 0.9618 0.9443 0.9294 0.9099 0.8816 0.8298 0.7626 0.6574 0.5267 0.3881 0.2540 0.6905 0.6326 0.5735 0.5069 0.4336 0.3673 0.2881 0.2059 0.1358 0.0714 0.0313 0.0054 -0.0142 -0.0062 0.0405
# 0.3540 0.4052 0.4517 0.4804 0.5118 0.5677 0.6377 0.6975 0.7462 0.7810 0.8011 0.8035 0.7913 0.7638 0.7301 0.8946 0.9571 0.9875 1.0000 0.9810 0.9693 0.9610 0.9450 0.9185 0.8637 0.7906 0.6816 0.5478 0.3990 0.2587 0.7156 0.6789 0.6332 0.5855 0.5042 0.4307 0.3470 0.2539 0.1715 0.0900 0.0378 0.0068 -0.0073 0.0025 0.0582
# 0.3262 0.3682 0.4089 0.4346 0.4718 0.5270 0.5986 0.6596 0.7108 0.7506 0.7761 0.7833 0.7774 0.7541 0.7224 0.8490 0.9229 0.9618 0.9810 1.0000 0.9920 0.9841 0.9662 0.9378 0.8914 0.8170 0.7017 0.5663 0.4166 0.2724 0.7192 0.6980 0.6598 0.6093 0.5721 0.4925 0.3990 0.2903 0.1943 0.1185 0.0602 0.0150 -0.0006 0.0201 0.0816
# 0.2975 0.3300 0.3654 0.3887 0.4243 0.4771 0.5493 0.6133 0.6669 0.7098 0.7395 0.7498 0.7474 0.7287 0.6990 0.8143 0.8970 0.9443 0.9693 0.9920 1.0000 0.9923 0.9816 0.9565 0.9164 0.8444 0.7296 0.5952 0.4455 0.2996 0.7352 0.7281 0.6991 0.6525 0.6127 0.5486 0.4459 0.3378 0.2352 0.1562 0.0922 0.0431 0.0295 0.0505 0.1135
# 0.2836 0.3135 0.3468 0.3687 0.4010 0.4501 0.5173 0.5776 0.6291 0.6703 0.6982 0.7098 0.7067 0.6878 0.6584 0.7956 0.8787 0.9294 0.9610 0.9841 0.9923 1.0000 0.9918 0.9728 0.9387 0.8718 0.7689 0.6374 0.4903 0.3446 0.7359 0.7340 0.7139 0.6782 0.6413 0.5779 0.4974 0.3873 0.2851 0.2038 0.1353 0.0928 0.0755 0.0993 0.1602
# 0.2708 0.2966 0.3273 0.3469 0.3751 0.4214 0.4834 0.5379 0.5860 0.6237 0.6489 0.6569 0.6521 0.6313 0.6023 0.7765 0.8591 0.9099 0.9450 0.9662 0.9816 0.9918 1.0000 0.9908 0.9649 0.9101 0.8164 0.6953 0.5528 0.4114 0.7292 0.7351 0.7217 0.6977 0.6629 0.6164 0.5410 0.4528 0.3551 0.2700 0.2033 0.1575 0.1421 0.1605 0.2152
# 0.2616 0.2850 0.3138 0.3305 0.3540 0.3958 0.4508 0.4981 0.5371 0.5681 0.5875 0.5899 0.5796 0.5552 0.5241 0.7514 0.8311 0.8816 0.9185 0.9378 0.9565 0.9728 0.9908 1.0000 0.9861 0.9479 0.8712 0.7640 0.6328 0.4998 0.7081 0.7207 0.7178 0.7069 0.6791 0.6480 0.5908 0.5204 0.4407 0.3556 0.2916 0.2451 0.2286 0.2425 0.2868
# 0.2432 0.2613 0.2870 0.2995 0.3214 0.3583 0.4064 0.4448 0.4735 0.4922 0.5028 0.4977 0.4807 0.4530 0.4161 0.7061 0.7812 0.8298 0.8637 0.8914 0.9164 0.9387 0.9649 0.9861 1.0000 0.9826 0.9298 0.8429 0.7333 0.6118 0.6641 0.6857 0.6955 0.6959 0.6952 0.6889 0.6540 0.6015 0.5340 0.4705 0.4079 0.3613 0.3393 0.3494 0.3697
# 0.2383 0.2549 0.2778 0.2856 0.3016 0.3305 0.3674 0.3931 0.4079 0.4112 0.4035 0.3855 0.3584 0.3234 0.2813 0.6563 0.7220 0.7626 0.7906 0.8170 0.8444 0.8718 0.9101 0.9479 0.9826 1.0000 0.9752 0.9180 0.8329 0.7327 0.5960 0.6250 0.6440 0.6567 0.6760 0.6943 0.6873 0.6672 0.6248 0.5757 0.5343 0.4855 0.4622 0.4583 0.4564
# 0.2298 0.2413 0.2596 0.2620 0.2696 0.2889 0.3138 0.3241 0.3229 0.3093 0.2834 0.2504 0.2108 0.1672 0.1180 0.5748 0.6255 0.6574 0.6816 0.7017 0.7296 0.7689 0.8164 0.8712 0.9298 0.9752 1.0000 0.9751 0.9220 0.8463 0.4930 0.5252 0.5564 0.5891 0.6253 0.6703 0.7100 0.7226 0.7086 0.6806 0.6474 0.6241 0.5926 0.5743 0.5352
# 0.2220 0.2291 0.2418 0.2389 0.2403 0.2494 0.2593 0.2543 0.2358 0.2038 0.1596 0.1092 0.0576 0.0031 -0.0513 0.4700 0.5067 0.5267 0.5478 0.5663 0.5952 0.6374 0.6953 0.7640 0.8429 0.9180 0.9751 1.0000 0.9775 0.9320 0.3576 0.3974 0.4368 0.4938 0.5514 0.6267 0.6991 0.7503 0.7663 0.7586 0.7431 0.7195 0.7051 0.6631 0.5885
# 0.2069 0.2087 0.2168 0.2086 0.2049 0.2049 0.2021 0.1828 0.1495 0.1028 0.0433 -0.0206 -0.0857 -0.1483 -0.2073 0.3610 0.3787 0.3881 0.3990 0.4166 0.4455 0.4903 0.5528 0.6328 0.7333 0.8329 0.9220 0.9775 1.0000 0.9833 0.2233 0.2612 0.3103 0.3759 0.4577 0.5586 0.6629 0.7441 0.7893 0.8111 0.8089 0.7926 0.7716 0.7342 0.6231
# 0.1896 0.1857 0.1886 0.1765 0.1674 0.1592 0.1461 0.1160 0.0717 0.0125 -0.0580 -0.1323 -0.2053 -0.2748 -0.3380 0.2505 0.2539 0.2540 0.2587 0.2724 0.2996 0.3446 0.4114 0.4998 0.6118 0.7327 0.8463 0.9320 0.9833 1.0000 0.0962 0.1359 0.1913 0.2669 0.3625 0.4795 0.6064 0.7154 0.7864 0.8245 0.8412 0.8297 0.8101 0.7605 0.6332
# -0.2595 -0.1752 -0.1019 -0.0546 -0.0183 0.0424 0.1163 0.1924 0.2693 0.3415 0.4058 0.4688 0.5127 0.5457 0.5612 0.5812 0.6511 0.6905 0.7156 0.7192 0.7352 0.7359 0.7292 0.7081 0.6641 0.5960 0.4930 0.3576 0.2233 0.0962 1.0000 0.9627 0.8989 0.8201 0.7258 0.6340 0.5068 0.3740 0.2605 0.1659 0.1059 0.0909 0.0837 0.1525 0.2896
# -0.3102 -0.2715 -0.2232 -0.1872 -0.1530 -0.0928 -0.0104 0.0759 0.1646 0.2473 0.3320 0.4083 0.4685 0.5107 0.5289 0.4525 0.5641 0.6326 0.6789 0.6980 0.7281 0.7340 0.7351 0.7207 0.6857 0.6250 0.5252 0.3974 0.2612 0.1359 0.9627 1.0000 0.9798 0.9229 0.8419 0.7536 0.6215 0.4789 0.3509 0.2389 0.1730 0.1445 0.1377 0.1985 0.3392
# -0.3339 -0.3264 -0.2970 -0.2711 -0.2424 -0.1852 -0.1010 -0.0131 0.0795 0.1663 0.2608 0.3429 0.4089 0.4574 0.4786 0.3571 0.4862 0.5735 0.6332 0.6598 0.6991 0.7139 0.7217 0.7178 0.6955 0.6440 0.5564 0.4368 0.3103 0.1913 0.8989 0.9798 1.0000 0.9691 0.9050 0.8304 0.7133 0.5713 0.4431 0.3256 0.2522 0.2180 0.2050 0.2655 0.3997
# -0.3796 -0.3876 -0.3656 -0.3442 -0.3208 -0.2665 -0.1828 -0.0960 -0.0044 0.0810 0.1765 0.2596 0.3307 0.3782 0.4011 0.2912 0.4193 0.5069 0.5855 0.6093 0.6525 0.6782 0.6977 0.7069 0.6959 0.6567 0.5891 0.4938 0.3759 0.2669 0.8201 0.9229 0.9691 1.0000 0.9502 0.9005 0.8144 0.6929 0.5721 0.4475 0.3656 0.3252 0.3211 0.3646 0.4774
