######################################################################
#
# Last update: Nov 16, 2024
#
#--  FCCee aTGC: Using Optimal observables analysis (Full)  --
# This is for 161 GeV; then factor of Sqrt(5) for LEP3
#
ObservablesWithCovarianceInverse OptOobsFullFCCee1614IP 6
Observable  deltag1Z_OO_FCCee1614IP          deltag1Z        #delta{g_{1,Z}}           1. -1. MCMC weight  0.  1.  0.
Observable  deltaKgamma_OO_FCCee1614IP       deltaKgamma     #delta#kappa_{#gamma}     1. -1. MCMC weight  0.  1.  0.
Observable  lambdaZ_OO_FCCee1614IP           lambdaZ         #lamdba_{Z}               1. -1. MCMC weight  0.  1.  0.
Observable  deltageL_OO_FCCee1614IP          delgZeL         #delta{g_{L}^{e}}         1. -1. MCMC weight  0.  1.  0.
Observable  deltageR_OO_FCCee1614IP          delgZeR         #delta{g_{R}^{e}}         1. -1. MCMC weight  0.  1.  0.
Observable  deltaUev_OO_FCCee1614IP          deltaUWeve      #delta{U_{{#nu}e}}        1. -1. MCMC weight  0.  1.  0.
291876.5   38379.5   193500.5   -1049190.   10074.3  -909690.
38379.5    6307.75   20154.1    -142971.    -5194.8  -122600.
193500.5    20154.1   235469.    -698925.    253.952  -628640.
-1049190.  -142971.  -698925.   3794340.    2148.43  3286990.
10074.3    -5194.8   253.952    2148.43     47432.9  -4806.12
-909690.   -122600.  -628640.   3286990.    -4806.12  -2339660.
#
#
##################################################
 
CorrelatedGaussianObservables BRWleptFCCee1614IP 3
Observable  BrWelectron_FCCee1614IP BrWelectron BR_{We#nu}     1. -1. MCMC weight 0.1083790594484527 0.0000980125 0.
Observable  BrWmuon_FCCee1614IP BrWmuon     BR_{W#mu#nu}     1. -1. MCMC weight 0.1083790594484527 0.0000980125 0.
Observable  BrWtau_FCCee1614IP BrWtau      BR_{W#tau#nu}     1. -1. MCMC weight 0.1083790594484527 0.0000980125 0.
1.   -0.121553   -0.121553
-0.121553   1.   -0.121553
-0.121553   -0.121553   1.
