######################################################################
#
# Last update: Nov 16, 2024
#
#--  FCCee aTGC: Using Optimal observables analysis (Full)  --
# This is for 161 GeV
#
ObservablesWithCovarianceInverse OptOobsFullFCCee1614IP 6
Observable  deltag1Z_OO_FCCee1614IP          deltag1Z        #delta{g_{1,Z}}           1. -1. MCMC weight  0.  1.  0.
Observable  deltaKgamma_OO_FCCee1614IP       deltaKgamma     #delta#kappa_{#gamma}     1. -1. MCMC weight  0.  1.  0.
Observable  lambdaZ_OO_FCCee1614IP           lambdaZ         #lamdba_{Z}               1. -1. MCMC weight  0.  1.  0.
Observable  deltageL_OO_FCCee1614IP          delgZeL         #delta{g_{L}^{e}}         1. -1. MCMC weight  0.  1.  0.
Observable  deltageR_OO_FCCee1614IP          delgZeR         #delta{g_{R}^{e}}         1. -1. MCMC weight  0.  1.  0.
Observable  deltaUev_OO_FCCee1614IP          deltaUWeve      #delta{U_{{#nu}e}}        1. -1. MCMC weight  0.  1.  0.
11675.1  1535.18  7740.02  -41967.6  402.972  -36387.6
1535.18  252.31  806.162  -5718.82  -207.792  -4903.98
7740.02  806.162  9418.74  -27957.  10.1581  -25145.6
-41967.6  -5718.82  -27957.  151774.  85.9372  131479.
402.972  -207.792  10.1581  85.9372  1897.31  -192.245
-36387.6  -4903.98  -25145.6  131479.  -192.245   -93586.2
#
#
##################################################
 
CorrelatedGaussianObservables BRWleptFCCee1614IP 3
Observable  BrWelectron_FCCee1614IP BrWelectron BR_{We#nu}     1. -1. MCMC weight 0.1083790594484527 0.0000980274 0.
Observable  BrWmuon_FCCee1614IP BrWmuon     BR_{W#mu#nu}     1. -1. MCMC weight 0.1083790594484527 0.0000980274 0.
Observable  BrWtau_FCCee1614IP BrWtau      BR_{W#tau#nu}     1. -1. MCMC weight 0.1083790594484527 0.0000980274 0.
1.   -0.121553   -0.121553
-0.121553   1.   -0.121553
-0.121553   -0.121553   1.
