######################################################################
#--  ILC aTGC: Using Optimal observables analysis (Full)  --
# This is for 500 GeV (+/-80%,0%)
#
ObservablesWithCovarianceInverse aTGCILCOOFull_E3_P2 7
Observable  deltageL_ILC_OO_E3_P2          delgZeL         #delta{g_{L}^{e}}         1. -1. MCMC weight  0.  1.  0.
Observable  deltageR_ILC_OO_E3_P2          delgZeR         #delta{g_{R}^{e}}         1. -1. MCMC weight  0.  1.  0.
Observable  deltaUev_ILC_OO_E3_P2          deltaUWeve      #delta{U_{{#nu}e}}        1. -1. MCMC weight  0.  1.  0.
Observable  deltaMW_ILC_OO_E3_P2           deltaMW         #delta{M_{W}}             1. -1. MCMC weight  0.  1.  0.
Observable  deltag1Z_ILC_OO_E3_P2          deltag1Z        #delta{g_{1,Z}}           1. -1. MCMC weight  0.  1.  0.
Observable  deltaKgamma_ILC_OO_E3_P2       deltaKgamma     #delta#kappa_{#gamma}     1. -1. MCMC weight  0.  1.  0.
Observable  lambdaZ_ILC_OO_E3_P2           lambdaZ         #lamdba_{Z}               1. -1. MCMC weight  0.  1.  0.
348744603.	60354464.	342471736.	15992026.	-78765861.	-57087900.	-33620721.
60354464.	360249254.	53815284.	-517127.	68117317.	-94634845.	748806.
342471736.	53815284.	336251683.	15752596.	-78619069.	-54732211.	-33140698.
15992026.	-517127.	15752596.	6693106.	-4379235.	-1722421.	-1643199.
-78765861.	68117317.	-78619069.	-4379235.	36894440.	-6911472.	9123132.
-57087900.	-94634845.	-54732211.	-1722421.	-6911472.	30440582.	2912295.
-33620721.	748806.		-33140698.	-1643199.	9123132.	2912295.	52450257.
######################################################################
# Inverse Covariance with rate information (efficiency 0.4)
# 278995682.	48283572.	273977388.	12793621.	-63012689.	-45670320.	-26896577.
# 48283572.	288199403.	43052227.	-413701.	54493854.	-75707876.	599045.
# 273977388.	43052227.	269001346.	12602077.	-62895255.	-43785769.	-26512558.
# 12793621.	-413701.	12602077.	5354485.	-3503388.	-1377937.	-1314559.
# -63012689.	54493854.	-62895255.	-3503388.	29515552.	-5529178.	7298506.
# -45670320.	-75707876.	-43785769.	-1377937.	-5529178.	24352465.	2329836.
# -26896577.	599045.		-26512558.	-1314559.	7298506.	2329836.	41960206.
######################################################################

