######################################################################
#--  ILC aTGC: Using Optimal observables analysis (Full)  --
# This is for 350 GeV (+/-80%,0%)
#
ObservablesWithCovarianceInverse aTGCILCOOFull_E2_P2 7
Observable  deltageL_ILC_OO_E2_P2          delgZeL         #delta{g_{L}^{e}}         1. -1. MCMC weight  0.  1.  0.
Observable  deltageR_ILC_OO_E2_P2          delgZeR         #delta{g_{R}^{e}}         1. -1. MCMC weight  0.  1.  0.
Observable  deltaUev_ILC_OO_E2_P2          deltaUWeve      #delta{U_{{#nu}e}}        1. -1. MCMC weight  0.  1.  0.
Observable  deltaMW_ILC_OO_E2_P2           deltaMW         #delta{M_{W}}             1. -1. MCMC weight  0.  1.  0.
Observable  deltag1Z_ILC_OO_E2_P2          deltag1Z        #delta{g_{1,Z}}           1. -1. MCMC weight  0.  1.  0.
Observable  deltaKgamma_ILC_OO_E2_P2       deltaKgamma     #delta#kappa_{#gamma}     1. -1. MCMC weight  0.  1.  0.
Observable  lambdaZ_ILC_OO_E2_P2           lambdaZ         #lamdba_{Z}               1. -1. MCMC weight  0.  1.  0.
15312699.	1033781.	14796365.	1761841.	-3836411.	-1757849.	-2115296.
1033781.	5532405.	825455.		39129.		1017594.	-1271274.	26610.3
14796365.	825455.		14300660.	1704783.	-3747118.	-1661875.	-2050709.
1761841.	39129.		1704783.	982807.		-460063.	-179058.	-245071.
-3836411.	1017594.	-3747118.	-460063.	1259439.	171013.		569535.
-1757849.	-1271274.	-1661875.	-179058.	171013.		456680.		157179.
-2115296.	26610.3		-2050709.	-245071.	569535.		157179.		1812990.
######################################################################
# Inverse Covariance with rate information (efficiency 0.4)
# 12250159.	827025.		11837092.	1409473.	-3069129.	-1406279.	-1692237.
# 827025.	4425924.	660364.		31303.2		814076.		-1017019.	21288.3
# 11837092.	660364.		11440528.	1363827.	-2997695.	-1329500.	-1640567.
# 1409473.	31303.2		1363827.	786246.		-368050.	-143247.	-196057.
# -3069129.	814076.		-2997695.	-368050.	1007551.	136810.		455628.
# -1406279.	-1017019.	-1329500.	-143247.	136810.		365344.		125743.
# -1692237.	21288.3		-1640567.	-196057.	455628.		125743.		1450392.
######################################################################

