######################################################################
#--  ILC aTGC: Using Optimal observables analysis (Full)  --
# This is for 250 GeV (+/-80%,0%)
#
ObservablesWithCovarianceInverse aTGCILCOOFull_E1_P2 7
Observable  deltageL_ILC_OO_E1_P2          delgZeL         #delta{g_{L}^{e}}         1. -1. MCMC weight  0.  1.  0.
Observable  deltageR_ILC_OO_E1_P2          delgZeR         #delta{g_{R}^{e}}         1. -1. MCMC weight  0.  1.  0.
Observable  deltaUev_ILC_OO_E1_P2          deltaUWeve      #delta{U_{{#nu}e}}        1. -1. MCMC weight  0.  1.  0.
Observable  deltaMW_ILC_OO_E1_P2           deltaMW         #delta{M_{W}}             1. -1. MCMC weight  0.  1.  0.
Observable  deltag1Z_ILC_OO_E1_P2          deltag1Z        #delta{g_{1,Z}}           1. -1. MCMC weight  0.  1.  0.
Observable  deltaKgamma_ILC_OO_E1_P2       deltaKgamma     #delta#kappa_{#gamma}     1. -1. MCMC weight  0.  1.  0.
Observable  lambdaZ_ILC_OO_E1_P2           lambdaZ         #lamdba_{Z}               1. -1. MCMC weight  0.  1.  0.
64835918.	5984731.	60430193.	17906503.	-15867920.	-6164035.	-11138904.
5984731.	58321753.	1986487.	68158.		12036326.	-10654516.	400104.
60430193.	1986487.	56549591.	16789012.	-15628105.	-5117593.	-10470720.
17906503.	68158.		16789012.	16242279.	-4752579.	-1371367.	-3279419.
-15867920.	12036326.	-15628105.	-4752579.	7038496.	-848592.	3060419.
-6164035.	-10654516.	-5117593.	-1371367.	-848592.	2396564.	628158.
-11138904.	400104.		-10470720.	-3279419.	3060419.	628158.		5833988.
######################################################################
# Inverse Covariance with rate information (efficiency 0.4)
# 51868734.	4787785.	48344154.	14325202.	-12694336.	-4931228.	-8911123.
# 4787785.	46657402.	1589190.	54526.4		9629061.	-8523613.	320084.
# 48344154.	1589190.	45239673.	13431209.	-12502484.	-4094075.	-8376576.
# 14325202.	54526.4		13431209.	12993823.	-3802064.	-1097094.	-2623535.
# -12694336.	9629061.	-12502484.	-3802064.	5630797.	-678873.	2448335.
# -4931228.	-8523613.	-4094075.	-1097094.	-678873.	1917251.	502527.
# -8911123.	320084.		-8376576.	-2623535.	2448335.	502527.		4667190.
######################################################################

