######################################################################
#--  ILC aTGC: Using Optimal observables analysis (Full)  --
# This is for 500 GeV (unpolarized)
#
ObservablesWithCovarianceInverse aTGCILCOOFull_E3_UP 7
Observable  deltageL_ILC_OO_E3_UP          delgZeL         #delta{g_{L}^{e}}         1. -1. MCMC weight  0.  1.  0.
Observable  deltageR_ILC_OO_E3_UP          delgZeR         #delta{g_{R}^{e}}         1. -1. MCMC weight  0.  1.  0.
Observable  deltaUev_ILC_OO_E3_UP          deltaUWeve      #delta{U_{{#nu}e}}        1. -1. MCMC weight  0.  1.  0.
Observable  deltaMW_ILC_OO_E3_UP           deltaMW         #delta{M_{W}}             1. -1. MCMC weight  0.  1.  0.
Observable  deltag1Z_ILC_OO_E3_UP          deltag1Z        #delta{g_{1,Z}}           1. -1. MCMC weight  0.  1.  0.
Observable  deltaKgamma_ILC_OO_E3_UP       deltaKgamma     #delta#kappa_{#gamma}     1. -1. MCMC weight  0.  1.  0.
Observable  lambdaZ_ILC_OO_E3_UP           lambdaZ         #lamdba_{Z}               1. -1. MCMC weight  0.  1.  0.
338109856.	103817554.	331320008.	15143237.	-65788111.	-66252775.	-33788346.
103817554.	107802123.	100530912.	4039190.	-2448408.	-39062223.	2221750.
331320008.	100530912.	324567670.	14845591.	-64731450.	-64622877.	-33341067.
15143237.	4039190.	14845591.	6608203.	-3088588.	-2731030.	-1655589.
-65788111.	-2448408.	-64731450.	-3088588.	16946807.	8514669.	9519484.
-66252775.	-39062223.	-64622877.	-2731030.	8514669.	17914124.	2598449.
-33788346.	2221750.	-33341067.	-1655589.	9519484.	2598449.	51102530.
######################################################################
# Inverse Covariance with rate information (efficiency 0.4)
# 270487885.	83054043.	265056007.	12114589.	-52630489.	-53002220.	-27030677.
# 83054043.	86241699.	80424730.	3231352.	-1958727.	-31249778.	1777400.
# 265056007.	80424730.	259654136.	11876473.	-51785160.	-51698302.	-26672853.
# 12114589.	3231352.	11876473.	5286562.	-2470870.	-2184824.	-1324471.
# -52630489.	-1958727.	-51785160.	-2470870.	13557445.	6811735.	7615587.
# -53002220.	-31249778.	-51698302.	-2184824.	6811735.	14331299.	2078759.
# -27030677.	1777400.	-26672853.	-1324471.	7615587.	2078759.	40882024.
######################################################################

