######################################################################
#--  ILC aTGC: Using Optimal observables analysis (Full)  --
# This is for 250 GeV (unpolarized)
#
ObservablesWithCovarianceInverse aTGCILCOOFull_E1_UP 7
Observable  deltageL_ILC_OO_E1_UP          delgZeL         #delta{g_{L}^{e}}         1. -1. MCMC weight  0.  1.  0.
Observable  deltageR_ILC_OO_E1_UP          delgZeR         #delta{g_{R}^{e}}         1. -1. MCMC weight  0.  1.  0.
Observable  deltaUev_ILC_OO_E1_UP          deltaUWeve      #delta{U_{{#nu}e}}        1. -1. MCMC weight  0.  1.  0.
Observable  deltaMW_ILC_OO_E1_UP           deltaMW         #delta{M_{W}}             1. -1. MCMC weight  0.  1.  0.
Observable  deltag1Z_ILC_OO_E1_UP          deltag1Z        #delta{g_{1,Z}}           1. -1. MCMC weight  0.  1.  0.
Observable  deltaKgamma_ILC_OO_E1_UP       deltaKgamma     #delta#kappa_{#gamma}     1. -1. MCMC weight  0.  1.  0.
Observable  lambdaZ_ILC_OO_E1_UP           lambdaZ         #lamdba_{Z}               1. -1. MCMC weight  0.  1.  0.
63567656.	11325179.	58904003.	17338127.	-14280910.	-6974515.	-11064075.
11325179.	22479191.	9223614.	3703067.	2237202.	-4899445.	-47389.1
58904003.	9223614.	54671731.	16029173.	-13531865.	-6238079.	-10372131.
17338127.	3703067.	16029173.	15871048.	-3751865.	-1956033.	-3212198.
-14280910.	2237202.	-13531865.	-3751865.	4326172.	712146.		2934801.
-6974515.	-4899445.	-6238079.	-1956033.	712146.		1447752.	690705.
-11064075.	-47389.1	-10372131.	-3212198.	2934801.	690705.		5691590.
######################################################################
# Inverse Covariance with rate information (efficiency 0.4)
# 50854124.	9060143.	47123203.	13870501.	-11424728.	-5579612.	-8851260.
# 9060143.	17983353.	7378891.	2962453.	1789761.	-3919556.	-37911.2
# 47123203.	7378891.	43737385.	12823338.	-10825492.	-4990463.	-8297705.
# 13870501.	2962453.	12823338.	12696838.	-3001492.	-1564826.	-2569759.
# -11424728.	1789761.	-10825492.	-3001492.	3460937.	569717.	2347841.
# -5579612.	-3919556.	-4990463.	-1564826.	569717.	1158202.	552564.
# -8851260.	-37911.2	-8297705.	-2569759.	2347841.	552564.	4553272.
######################################################################

