######################################################################
#--  ILC aTGC: Using Optimal observables analysis (Full)  --
# This is for 500 GeV
#
ObservablesWithCovarianceInverse OptOobsFullILC500 6
Observable  deltag1Z_OO_ILC500          deltag1Z        #delta{g_{1,Z}}           1. -1. MCMC weight  0.  1.  0.
Observable  deltaKgamma_OO_ILC500       deltaKgamma     #delta#kappa_{#gamma}     1. -1. MCMC weight  0.  1.  0.
Observable  lambdaZ_OO_ILC500           lambdaZ         #lamdba_{Z}               1. -1. MCMC weight  0.  1.  0.
Observable  deltageL_OO_ILC500          delgZeL         #delta{g_{L}^{e}}         1. -1. MCMC weight  0.  1.  0.
Observable  deltageR_OO_ILC500          delgZeR         #delta{g_{R}^{e}}         1. -1. MCMC weight  0.  1.  0.
Observable  deltaUev_OO_ILC500          deltaUWeve      #delta{U_{{#nu}e}}        1. -1. MCMC weight  0.  1.  0.
88270987.   -15664789.   17720864.   -188229239.   161836990.   -188318493.
-15664789.   60479455.   5217743.   -104336924.   -199232957.   -99891748.
17720864.   5217743.   138877524.   -64374707.   -237295.   -63640716.
-188229239.   -104336924.   -64374707.   737154232.   69010471.   725378850.
161836990.   -199232957.   -237295.   69010471.   811250657.   56000133.
-188318493.   -99891748.   -63640716.   725378850.   56000133.   715547232.
#
#
##################################################
 
CorrelatedGaussianObservables BRWleptILC500 3
Observable  BrWelectron_ILC500 BrWelectron BR_{We#nu}     1. -1. MCMC weight 0.1083790594484527 0.000114718 0.
Observable  BrWmuon_ILC500 BrWmuon     BR_{W#mu#nu}     1. -1. MCMC weight 0.1083790594484527 0.000114718 0.
Observable  BrWtau_ILC500 BrWtau      BR_{W#tau#nu}     1. -1. MCMC weight 0.1083790594484527 0.000114718 0.
1.   -0.121553   -0.121553
-0.121553   1.   -0.121553
-0.121553   -0.121553   1.
