######################################################################
#--  ILC aTGC: Using Optimal observables analysis (Full)  --
# This is for 350 GeV
#
ObservablesWithCovarianceInverse OptOobsFullILC350 6
Observable  deltag1Z_OO_ILC350          deltag1Z        #delta{g_{1,Z}}           1. -1. MCMC weight  0.  1.  0.
Observable  deltaKgamma_OO_ILC350       deltaKgamma     #delta#kappa_{#gamma}     1. -1. MCMC weight  0.  1.  0.
Observable  lambdaZ_OO_ILC350           lambdaZ         #lamdba_{Z}               1. -1. MCMC weight  0.  1.  0.
Observable  deltageL_OO_ILC350          delgZeL         #delta{g_{L}^{e}}         1. -1. MCMC weight  0.  1.  0.
Observable  deltageR_OO_ILC350          delgZeR         #delta{g_{R}^{e}}         1. -1. MCMC weight  0.  1.  0.
Observable  deltaUev_OO_ILC350          deltaUWeve      #delta{U_{{#nu}e}}        1. -1. MCMC weight  0.  1.  0.
3178404.   392141.   1264014.   -9370508.   2605644.   -9284301.
392141.   982955.   307846.   -3722357.   -2842796.   -3570884.
1264014.   307846.   5066085.   -4553334.   13635.9   -4477482.
-9370508.   -3722357.   -4553334.   34884220.   1287912.   34326286.
2605644.   -2842796.   13635.9   1287912.   13283248.   898372.
-9284301.   -3570884.   -4477482.   34326286.   898372.   34410725.
#
#
##################################################
 
CorrelatedGaussianObservables BRWleptILC350 3
Observable  BrWelectron_ILC350 BrWelectron BR_{We#nu}     1. -1. MCMC weight 0.1083790594484527 0.000264051 0.
Observable  BrWmuon_ILC350 BrWmuon     BR_{W#mu#nu}     1. -1. MCMC weight 0.1083790594484527 0.000264051 0.
Observable  BrWtau_ILC350 BrWtau      BR_{W#tau#nu}     1. -1. MCMC weight 0.1083790594484527 0.000264051 0.
1.   -0.121553   -0.121553
-0.121553   1.   -0.121553
-0.121553   -0.121553   1.
