######################################################################
#--  FCCee aTGC: Using Optimal observables analysis (Full)  --
# This is for 365 GeV
#
ObservablesWithCovarianceInverse aTGCFCCeeOOFull_E2 7
Observable  deltageL_FCCee_OO_E2          delgZeL         #delta{g_{L}^{e}}         1. -1. MCMC weight  0.  1.  0.
Observable  deltageR_FCCee_OO_E2          delgZeR         #delta{g_{R}^{e}}         1. -1. MCMC weight  0.  1.  0.
Observable  deltaUev_FCCee_OO_E2          deltaUWeve      #delta{U_{{#nu}e}}        1. -1. MCMC weight  0.  1.  0.
Observable  deltaMW_FCCee_OO_E2           deltaMW         #delta{M_{W}}             1. -1. MCMC weight  0.  1.  0.
Observable  deltag1Z_FCCee_OO_E2          deltag1Z        #delta{g_{1,Z}}           1. -1. MCMC weight  0.  1.  0.
Observable  deltaKgamma_FCCee_OO_E2       deltaKgamma     #delta#kappa_{#gamma}     1. -1. MCMC weight  0.  1.  0.
Observable  lambdaZ_FCCee_OO_E2           lambdaZ         #lamdba_{Z}               1. -1. MCMC weight  0.  1.  0.
93304052.	23960570.	89867448.	9503698.	-19247551.	-14816188.	-12895309.
23960570.	33374808.	22271495.	2324817.	1419016.	-9751115.	381918.
89867448.	22271495.	86560386.	9154857.	-18728060.	-14094100.	-12537208.
9503698.	2324817.	9154857.	5377798.	-1987530.	-1440386.	-1354459.
-19247551.	1419016.	-18728060.	-1987530.	5457761.	1666485.	3523726.
-14816188.	-9751115.	-14094100.	-1440386.	1666485.	3732092.	935818.
-12895309.	381918.		-12537208.	-1354459.	3523726.	935818.		11383130.
######################################################################
# Inverse Covariance with rate information (efficiency 0.4)
# 66282386.	17077168.	63863714.	6666217.	-13660369.	-10564304.	-9125261.
# 17077168.	23681113.	15888147.	1632814.	986611.	    -6942550.	275084.
# 63863714.	15888147.	61534253.	6424084.	-13294649.	-10054658.	-8874794.
# 6666217.	1632814.	6424084.	3753916.	-1393625.	-1013574.	-946309.
# -13660369.	986611.	    -13294649.	-1393625.	3868668.	1190610.	2494665.
# -10564304.	-6942550.	-10054658.	-1013574.	1190610.	2664920.	662342.
# -9125261.	275084.	    -8874794.	-946309.	2494665.	662342.	    8114818.
######################################################################
# Including rate information (used for testing: this is 161+240+365)
# 199420087.	44988870.	235115127.	54819830.	 -42592471.	-25569867.	-31782827.
# 44988870.	69360506.	70205019.  -9456559.	  4229033.	-17106532.	-780354.
# 235115127.	70205019.	574038040. -1829832642.	 -46205129.	-33046657.	-35420957.
# 54819830.  -9456559.   -1829832642.	27879728646. -16808094.	-2124179.	-13672052.
# -42592471.	4229033.   -46205129.  -16808094.	  12331213.	 2811332.	 8281429.
# -25569867. -17106532.  -33046657.  -2124179.	  2811332.	 5655011.	 2233032.
# -31782827. -780354.	   -35420957.  -13672052.	  8281429.	 2233032.	 18527538.
######################################################################

