######################################################################
#
# Last update: Nov 16, 2024
#
#--  FCCee aTGC: Using Optimal observables analysis (Full)  --
# This is for 240 GeV
#
ObservablesWithCovarianceInverse OptOobsFullFCCee2404IP 6
Observable  deltag1Z_OO_FCCee2404IP          deltag1Z        #delta{g_{1,Z}}           1. -1. MCMC weight  0.  1.  0.
Observable  deltaKgamma_OO_FCCee2404IP       deltaKgamma     #delta#kappa_{#gamma}     1. -1. MCMC weight  0.  1.  0.
Observable  lambdaZ_OO_FCCee2404IP           lambdaZ         #lamdba_{Z}               1. -1. MCMC weight  0.  1.  0.
Observable  deltageL_OO_FCCee2404IP          delgZeL         #delta{g_{L}^{e}}         1. -1. MCMC weight  0.  1.  0.
Observable  deltageR_OO_FCCee2404IP          delgZeR         #delta{g_{R}^{e}}         1. -1. MCMC weight  0.  1.  0.
Observable  deltaUev_OO_FCCee2404IP          deltaUWeve      #delta{U_{{#nu}e}}        1. -1. MCMC weight  0.  1.  0.
44494644.   6783928.   27805539.   -142075354.   22953826.   -134252982.
6783928.   11193886.   5924052.   -57675420.   -41248259.   -52247594.
27805539.   5924052.   56858417.   -101863538.   -4110634.   -95357137.
-142075354.   -57675420.   -101863538.   587208115.   89986146.   540537133.
22953826.   -41248259.   -4110634.   89986146.   214596372.   72005898.
-134252982.   -52247594.   -95357137.   540537133.   72005898.   523523393.
#
#
##################################################
 
CorrelatedGaussianObservables BRWleptFCCee2404IP 3
Observable  BrWelectron_FCCee2404IP BrWelectron BR_{We#nu}     1. -1. MCMC weight 0.1083790594484527 0.000029481 0.
Observable  BrWmuon_FCCee2404IP BrWmuon     BR_{W#mu#nu}     1. -1. MCMC weight 0.1083790594484527 0.000029481 0.
Observable  BrWtau_FCCee2404IP BrWtau      BR_{W#tau#nu}     1. -1. MCMC weight 0.1083790594484527 0.000029481 0.
1.   -0.121553   -0.121553
-0.121553   1.   -0.121553
-0.121553   -0.121553   1.
