######################################################################
#
# Last update: Nov 16, 2024
#
#--  FCCee aTGC: Using Optimal observables analysis (Full)  --
# This is for 365 GeV
#
ObservablesWithCovarianceInverse OptOobsFullFCCee3654IP 6
Observable  deltag1Z_OO_FCCee3654IP          deltag1Z        #delta{g_{1,Z}}           1. -1. MCMC weight  0.  1.  0.
Observable  deltaKgamma_OO_FCCee3654IP       deltaKgamma     #delta#kappa_{#gamma}     1. -1. MCMC weight  0.  1.  0.
Observable  lambdaZ_OO_FCCee3654IP           lambdaZ         #lamdba_{Z}               1. -1. MCMC weight  0.  1.  0.
Observable  deltageL_OO_FCCee3654IP          delgZeL         #delta{g_{L}^{e}}         1. -1. MCMC weight  0.  1.  0.
Observable  deltageR_OO_FCCee3654IP          delgZeR         #delta{g_{R}^{e}}         1. -1. MCMC weight  0.  1.  0.
Observable  deltaUev_OO_FCCee3654IP          deltaUWeve      #delta{U_{{#nu}e}}        1. -1. MCMC weight  0.  1.  0.
19379716.   5778664.   10350073.   -65895718.   5098969.   -64218894.
5778664.   10736258.   2718160.   -44028395.   -28627027.   -42134715.
10350073.   2718160.   43190892.   -37763040.   -477184.   -36703764.
-65895718.   -44028395.   -37763040.   291264575.   66447575.   281938601.
5098969.   -28627027.   -477184.   66447575.   105116107.   61688788.
-64218894.   -42134715.   -36703764.   281938601.   61688788.   272989244.
#
#
##################################################
 
CorrelatedGaussianObservables BRWleptFCCee3654IP 3
Observable  BrWelectron_FCCee3654IP BrWelectron BR_{We#nu}     1. -1. MCMC weight 0.1083790594484527 0.0000968806 0.
Observable  BrWmuon_FCCee3654IP BrWmuon     BR_{W#mu#nu}     1. -1. MCMC weight 0.1083790594484527 0.0000968806 0.
Observable  BrWtau_FCCee3654IP BrWtau      BR_{W#tau#nu}     1. -1. MCMC weight 0.1083790594484527 0.0000968806 0.
1.   -0.121553   -0.121553
-0.121553   1.   -0.121553
-0.121553   -0.121553   1.
