######################################################################
# Model Parameters
#               name        ave         errg        errf
#---------------------------------------------------------------------
#
CorrelatedGaussianParameters   LCSRFF 19
ModelParameter	a_0A0	0.369196	0.0289419	0.
ModelParameter	a_1A0   -1.36584    0.256849	0.
ModelParameter	a_2A0	0.128191	1.63438    	0.
ModelParameter	a_0A1	0.29725     0.026356	0.
ModelParameter	a_1A1	0.392378	0.187894	0.
ModelParameter	a_2A1	1.18916     1.02531    	0.
ModelParameter	a_1A12	0.533638	0.128772	0.
ModelParameter	a_2A12	0.483166	0.656273	0.
ModelParameter	a_0T1	0.312055	0.027496	0.
ModelParameter	a_1T1   -1.00893    0.189575	0.
ModelParameter	a_2T1	1.5272      1.63965    	0.
ModelParameter	a_1T2	0.496846	0.166219	0.
ModelParameter	a_2T2	1.61431     0.803783	0.
ModelParameter	a_0T23	0.667412	0.0633333	0.
ModelParameter	a_1T23	1.31812     0.222129	0.
ModelParameter	a_2T23	3.82334     2.20338    	0.
ModelParameter	a_0V    0.376313	0.0332944	0.
ModelParameter	a_1V   -1.16597     0.261268	0.
ModelParameter	a_2V    2.42443     1.53102    	0.
1.          	0.633689	0.0575305	0.0615373	0.169044	0.240647	0.609495	0.0355029	0.0164883	0.0452644  -0.158457	0.150264	0.0311554	0.451075	0.104911   -0.347452	0.0393316	0.178168	0.195421
0.633689	1.          0.486314	0.300568	0.472167	0.321569	0.756564	0.46913     0.241261	0.448732   -0.182566	0.495428	0.181197	0.573536	0.53356    -0.19402     0.280475	0.553833	0.0752289
0.0575305	0.486314	1.          0.515475	0.743538	0.661689	0.326536	0.665149	0.475401	0.674459   -0.125613	0.701034	0.273928	0.663092	0.426721   -0.318126	0.545574	0.731129	0.00860747
0.0615373	0.300568	0.515475	1.          0.702494	0.153604	0.0105278	0.205325	0.899902	0.68101    -0.468536	0.692637   -0.202092	0.564524	0.30614    -0.362387	0.922982	0.731071   -0.35833
0.169044	0.472167	0.743538	0.702494	1.          0.747682	0.284455	0.480939	0.630965	0.760031   -0.373063	0.915195	0.226359	0.695868	0.457217   -0.440385	0.678427	0.862475   -0.0633373
0.240647	0.321569	0.661689	0.153604	0.747682	1.          0.316222	0.535592	0.135433	0.400555   -0.127614	0.59715     0.402339	0.553618	0.252273   -0.40495     0.194572	0.517205	0.253395
0.609495	0.756564	0.326536	0.0105278	0.284455	0.316222	1.          0.700096   -0.0243359	0.234436   -0.0609604	0.28577     0.248484	0.386552	0.537224   -0.0377692  -0.0140921	0.350603	0.234661
0.0355029	0.46913     0.665149	0.205325	0.480939	0.535592	0.700096	1.          0.173373	0.402833   -0.0779755	0.422339	0.253397	0.403006	0.571118   -0.0276853	0.196602	0.485841	0.139392
0.0164883	0.241261	0.475401	0.899902	0.630965	0.135433   -0.0243359	0.173373	1.          0.713877   -0.473872	0.686349   -0.229853	0.515437	0.236189   -0.310316	0.901557	0.709376   -0.354268
0.0452644	0.448732	0.674459	0.68101     0.760031	0.400555	0.234436	0.402833	0.713877	1.          0.00093065	0.881232	0.365115	0.601021	0.427022   -0.210129	0.716437	0.906137   -0.0783557
-0.158457  -0.182566   -0.125613   -0.468536   -0.373063   -0.127614   -0.0609604  -0.0779755  -0.473872	0.00093065	1.         -0.239308	0.626511   -0.27088    -0.105814	0.447129   -0.400738   -0.236675	0.338328
0.150264	0.495428	0.701034	0.692637	0.915195	0.59715     0.28577     0.422339	0.686349	0.881232   -0.239308	1.          0.382807	0.658722	0.46875    -0.326765	0.702845	0.916209   -0.0541063
0.0311554	0.181197	0.273928   -0.202092	0.226359	0.402339	0.248484	0.253397   -0.229853	0.365115	0.626511	0.382807	1.          0.0969361	0.216438	0.27039    -0.147198	0.261192	0.38493
0.451075	0.573536	0.663092	0.564524	0.695868	0.553618	0.386552	0.403006	0.515437	0.601021   -0.27088     0.658722	0.0969361	1.          0.327243   -0.711856	0.573778	0.70266     0.016202
0.104911	0.53356     0.426721	0.30614     0.457217	0.252273	0.537224	0.571118	0.236189	0.427022   -0.105814	0.46875     0.216438	0.327243	1.          0.287454	0.277866	0.480664	0.0000
-0.347452  -0.19402	   -0.318126   -0.362387   -0.440385   -0.40495	   -0.0377692  -0.0276853  -0.310316   -0.210129	0.447129   -0.326765	0.27039    -0.711856	0.287454	1.         -0.360324   -0.355976	0.0569126
0.0393316	0.280475	0.545574	0.922982	0.678427	0.194572   -0.0140921	0.196602	0.901557	0.716437   -0.400738	0.702845   -0.147198	0.573778	0.277866   -0.360324	1.          0.757379   -0.397005
0.178168	0.553833	0.731129	0.731071	0.862475	0.517205	0.350603	0.485841	0.709376	0.906137   -0.236675	0.916209	0.261192	0.70266     0.480664   -0.355976	0.757379	1.          0.0346143
0.195421	0.0752289	0.00860747 -0.35833	   -0.0633373	0.253395	0.234661	0.139392   -0.354268   -0.0783557	0.338328   -0.0541063	0.38493     0.016202	0.0000      0.0569126  -0.397005	0.0346143	1.
#
ModelParameter  MRA0        5.366       0.    0.
ModelParameter  MRA1        5.829       0.    0.
ModelParameter  MRA12       5.829       0.    0.
ModelParameter  MRT1        5.415       0.    0.
ModelParameter  MRT2        5.829       0.    0.
ModelParameter  MRT23       5.829       0.    0.
ModelParameter  MRV         5.415       0.    0.
#
CorrelatedGaussianParameters   LCSRFF_PHI 19
ModelParameter	a_0A0phi	0.421328	0.0240514	0.
ModelParameter	a_1A0phi   -0.976454    0.23757		0.
ModelParameter	a_2A0phi	3.2714  	1.35909    	0.
ModelParameter	a_0A1phi	0.288007    0.0105759	0.
ModelParameter	a_1A1phi	0.350826	0.103813	0.
ModelParameter	a_2A1phi	1.69688     0.790297   	0.
ModelParameter	a_1A12phi	0.954402	0.128772	0.
ModelParameter	a_2A12phi	2.15263		0.47881		0.
ModelParameter	a_0T1phi	0.299475	0.0120688	0.
ModelParameter	a_1T1phi   -1.1013     	0.0835241	0.
ModelParameter	a_2T1phi	0.58459     1.00324    	0.
ModelParameter	a_1T2phi	0.403564	0.0803563	0.
ModelParameter	a_2T2phi	1.03987     0.608872	0.
ModelParameter	a_0T23phi	0.65233		0.0357469	0.
ModelParameter	a_1T23phi	2.09622     0.330082	0.
ModelParameter	a_2T23phi	6.73572     1.79526    	0.
ModelParameter	a_0Vphi     0.364478	0.0141353	0.
ModelParameter	a_1Vphi    -1.22389     0.164176	0.
ModelParameter	a_2Vphi     3.74061    	1.72682    	0.
1.	        0.687348   -0.349657	0.206736   -0.554941   -0.597622	0.772589	0.42463	    0.0865627	-0.297008	 0.0671143	-0.457242	-0.196984	 0.703702	 0.728003	 0.602114	 0.187815	-0.422447	-0.456553
0.687348	1.	        0.121069	0.0064726  -0.609677   -0.668983	0.791667	0.646183	0.0545029	-0.247063	-0.0128991	-0.525849	-0.32988	 0.640094	 0.775898	 0.645661	 0.0174825	-0.52219	-0.662488
-0.349657	0.121069	1.	        0.091877	0.0390177	0.272613   -0.290877	0.166971	0.182472	-0.00649649	-0.220386	-0.0908376	-0.260704	-0.255547	-0.197701	-0.0842799	 0.207248	-0.0243012	-0.0754036
0.206736	0.0064726	0.091877	1.	        0.250919   -0.105449   -0.13586	   -0.146239	0.267591	 0.101937	-0.164558	 0.190196	-0.0562319	 0.0931432	-0.0724199	-0.155631	 0.406354	 0.180876	 0.109717
-0.554941  -0.609677	0.0390177	0.250919	1.	        0.78406	   -0.662113   -0.589264	0.142301	 0.571088	-0.22105	 0.794425	 0.195856	-0.601549	-0.673956	-0.681441	-0.00746984	 0.642019	 0.552109
-0.597622  -0.668983	0.272613   -0.105449	0.78406	    1.         -0.716176   -0.453332	0.156373	 0.388671	-0.169048	 0.548463	 0.124908	-0.652782	-0.693798	-0.569813	 0.0402144	 0.47354	 0.497547
0.772589	0.791667   -0.290877   -0.13586	   -0.662113   -0.716176	1.	        0.803423   -0.148005	-0.406181	 0.0686011	-0.597757	-0.236414	 0.629096	 0.8456	     0.733289	-0.0661659	-0.502237	-0.553914
0.42463	    0.646183	0.166971   -0.146239   -0.589264   -0.453332	0.803423	1.	       -0.124325	-0.459704	-0.0415268	-0.651114	-0.338525	 0.369588	 0.656874	 0.656771	 0.0196031	-0.450477	-0.475719
0.0865627	0.0545029	0.182472	0.267591	0.142301	0.156373   -0.148005   -0.124325	1.	         0.448903	-0.56142	 0.189067	-0.51613	 0.106616	-0.176712	-0.210211	 0.526268	 0.218671	-0.099119
-0.297008  -0.247063   -0.00649649	0.101937	0.571088	0.388671   -0.406181   -0.459704	0.448903	 1.	        -0.169757	 0.660917	-0.00861968	-0.321698	-0.487256	-0.54514	-0.0393931	 0.571275	 0.323867
0.0671143  -0.0128991  -0.220386   -0.164558   -0.22105	   -0.169048	0.0686011  -0.0415268  -0.56142	    -0.169757	1.	        -0.137407	 0.711765	 0.220799	 0.232593	 0.364997	-0.415068	-0.444945	-0.0726924
-0.457242  -0.525849   -0.0908376	0.190196	0.794425	0.548463   -0.597757   -0.651114	0.189067	 0.660917	-0.137407	 1.	         0.410351	-0.455203	-0.62091	-0.661853	-0.0392003	 0.633854	 0.50992
-0.196984  -0.32988	   -0.260704   -0.0562319	0.195856	0.124908   -0.236414   -0.338525   -0.51613	    -0.00861968	 0.711765	 0.410351	 1.	        -0.0306923	-0.114741	 0.00905559	-0.368212	-0.0725463	 0.213584
0.703702	0.640094   -0.255547	0.0931432  -0.601549   -0.652782	0.629096	0.369588	0.106616	-0.321698	 0.220799	-0.455203	-0.0306923	 1.	         0.777787	 0.573289	 0.160071	-0.617296	-0.677613
0.728003	0.775898   -0.197701   -0.0724199  -0.673956   -0.693798	0.8456	    0.656874   -0.176712	-0.487256	 0.232593	-0.62091	-0.114741	 0.777787	 1.	         0.899178	 0.0458389	-0.617176	-0.651525
0.602114	0.645661   -0.0842799  -0.155631   -0.681441   -0.569813	0.733289	0.656771   -0.210211	-0.54514	 0.364997	-0.661853	 0.00905559	 0.573289	 0.899178	 1.	         0.0186265	-0.629361	-0.547041
0.187815	0.0174825	0.207248	0.406354   -0.00746984	0.0402144  -0.0661659	0.0196031	0.526268	-0.0393931	-0.415068	-0.0392003	-0.368212	 0.160071	 0.0458389	 0.0186265	 1.	         0.247761	-0.123124
-0.422447  -0.52219    -0.0243012	0.180876	0.642019	0.47354	   -0.502237   -0.450477	0.218671	 0.571275	-0.444945	 0.633854	-0.0725463	-0.617296	-0.617176	-0.629361	 0.247761	 1.	         0.739804
-0.456553  -0.662488   -0.0754036	0.109717	0.552109	0.497547   -0.553914   -0.475719   -0.099119	 0.323867	-0.0726924	 0.50992	 0.213584	-0.677613	-0.651525	-0.547041	-0.123124	 0.739804	 1.
#
CorrelatedGaussianParameters LATTICEFF1 9
ModelParameter	b_0_fplus 	 0.466	0.014	0.
ModelParameter	b_1_fplus	-0.885	0.128	0.
ModelParameter	b_2_fplus	-0.213	0.548	0.
ModelParameter	b_0_f0	     0.292	0.01	0.
ModelParameter	b_1_f0	     0.281	0.125	0.
ModelParameter	b_2_f0	     0.15	0.441	0.
ModelParameter	b_0_fT	     0.46	0.019	0.
ModelParameter	b_1_fT	    -1.089	0.236	0.
ModelParameter	b_2_fT	    -1.114	0.971	0.
1	    0.45	0.19	0.857	0.598	0.531	0.752	0.229	0.117
0.45	1	    0.677	0.708	0.958	0.927	0.227	0.443	0.287
0.19	0.677	1	    0.595	0.77	0.819  -0.023	0.07	0.196
0.857	0.708	0.595	1   	0.83	0.766	0.582	0.237	0.192
0.598	0.958	0.77	0.83	1	    0.973	0.324	0.372	0.272
0.531	0.927	0.819	0.766	0.973	1	    0.268	0.332	0.269
0.752	0.227  -0.023	0.582	0.324	0.268	1	    0.59	0.515
0.229	0.443	0.07	0.237	0.372	0.332	0.59	1	    0.897
0.117	0.287	0.196	0.192	0.272	0.269	0.515	0.897	1
#
ModelParameter  m_fit_fplus_lat   5.4154       0.          0.
ModelParameter  m_fit_fT_lat      5.4154       0.          0.
ModelParameter  m_fit_f0_lat      5.711        0.          0.
###
######################################################################
