######################################################################
#--  ILC aTGC: Using Optimal observables analysis (Full)  --
# This is for 250 GeV
#
ObservablesWithCovarianceInverse OptOobsFullILC250 6
Observable  deltag1Z_OO_ILC250          deltag1Z        #delta{g_{1,Z}}           1. -1. MCMC weight  0.  1.  0.
Observable  deltaKgamma_OO_ILC250       deltaKgamma     #delta#kappa_{#gamma}     1. -1. MCMC weight  0.  1.  0.
Observable  lambdaZ_OO_ILC250           lambdaZ         #lamdba_{Z}               1. -1. MCMC weight  0.  1.  0.
Observable  deltageL_OO_ILC250          delgZeL         #delta{g_{L}^{e}}         1. -1. MCMC weight  0.  1.  0.
Observable  deltageR_OO_ILC250          delgZeR         #delta{g_{R}^{e}}         1. -1. MCMC weight  0.  1.  0.
Observable  deltaUev_OO_ILC250          deltaUWeve      #delta{U_{{#nu}e}}        1. -1. MCMC weight  0.  1.  0.
16017408.   -1976203.   6422069.   -35506140.   27938804.   -34608374.
-1976203.   5074140.   1148629.   -11819111.   -23694416.   -9668404.
6422069.   1148629.   14057568.   -22683800.   616155.   -21386619.
-35506140.   -11819111.   -22683800.   135442069.   8611000.   124894109.
27938804.   -23694416.   616155.   8611000.   136390424.   -115240.
-34608374.   -9668404.   -21386619.   124894109.   -115240.   120111315.
#
#
##################################################
 
CorrelatedGaussianObservables BRWleptILC250 3
Observable  BrWelectron_ILC250 BrWelectron BR_{We#nu}     1. -1. MCMC weight 0.1083790594484527 0.0000673541 0.
Observable  BrWmuon_ILC250 BrWmuon     BR_{W#mu#nu}     1. -1. MCMC weight 0.1083790594484527 0.0000673541 0.
Observable  BrWtau_ILC250 BrWtau      BR_{W#tau#nu}     1. -1. MCMC weight 0.1083790594484527 0.0000673541 0.
1.   -0.121553   -0.121553
-0.121553   1.   -0.121553
-0.121553   -0.121553   1.
