# Z-pole observables:
# From arXiv: hep-ex/0509008
# Z-pole 1 updated with the results from arXiv: 1912.02067v2 [hep-ph] (Feb 18, 2020)
#
#--  LEP-I  --
CorrelatedGaussianObservables Zpole1 9
Observable  Mz_C             Mz             M_{Z}            1. -1. MCMC weight 91.1882 0.0021 0.
Observable  GammaZ_C         GammaZ         #Gamma_{Z}       1. -1. MCMC weight 2.494592028251899 0.0023 0.
Observable  sigmaHadron_C    sigmaHadron    #sigma_{had}     1. -1. MCMC weight 41.49112910786461 0.0325 0.
Observable  Relectron_C      Relectron      R_{e}            1. -1. MCMC weight 20.73303451158102 0.0497 0.
Observable  Rmuon_C          Rmuon          R_{#mu}          1. -1. MCMC weight 20.73303451158102 0.0335 0.
Observable  Rtau_C           Rtau           R_{#tau}         1. -1. MCMC weight 20.78004762123513 0.0448 0.
Observable  AFBelectron_C    AFBelectron    A_{FB}^{e}       1. -1. MCMC weight 0.01627848846134588 0.0025 0.
Observable  AFBmuon_C        AFBmuon        A_{FB}^{#mu}     1. -1. MCMC weight 0.01627848846134588 0.0013 0.
Observable  AFBtau_C         AFBtau         A_{FB}^{#tau}    1. -1. MCMC weight 0.01627848846134588 0.0017 0.
 1.0000 -0.0238 -0.0507  0.0783  0.0000  0.0019 -0.0139  0.0459  0.0346
-0.0238  1.0000 -0.3249 -0.0110  0.0079  0.0059  0.0071  0.0020  0.0013
-0.0507 -0.3249  1.0000  0.1138  0.1391  0.0987  0.0015  0.0035  0.0018
 0.0783 -0.0110  0.1138  1.0000  0.0694  0.0464 -0.3704  0.0197  0.0132
 0.0000  0.0079  0.1391  0.0694  1.0000  0.0696  0.0013  0.0121 -0.0030
 0.0019  0.0059  0.0987  0.0464  0.0696  1.0000  0.0029  0.0012  0.0093
-0.0139  0.0071  0.0015 -0.3704  0.0013  0.0029  1.0000 -0.0242 -0.0202
 0.0459  0.0020  0.0035  0.0197  0.0121  0.0012 -0.0242  1.0000  0.0464
 0.0346  0.0013  0.0018  0.0132 -0.0030  0.0093 -0.0202  0.0464  1.0000
#
#Observable  sin2thetaEff_C sin2thetaEff sin^{2}#theta_{eff}^{lept} 1. -1. MCMC weight 0.2314833513035433 0.0012 0. 
#
#--  SLD  --
CorrelatedGaussianObservables Zpole2 3
Observable  Aelectron_C   Aelectron   A_{e}       1. -1. MCMC weight 0.1473249852597804 0.0021 0.
Observable  Amuon_C       Amuon       A_{#mu}     1. -1. MCMC weight 0.1473249852597804 0.015 0.
Observable  Atau_C        Atau        A_{#tau}    1. -1. MCMC weight 0.1473249852597804 0.015 0.
1.000  0.038  0.033
0.038  1.000  0.007
0.033  0.007  1.000
#
#--  LEP-I: Ptau  --
CorrelatedGaussianObservables Zpole3 2
Observable  AelectronPtau_C   Aelectron   A_{e}     1. -1. MCMC weight 0.1473249852597804 0.0049 0.
Observable  AtauPtau_C        Atau        A_{#tau}  1. -1. MCMC weight 0.1473249852597804 0.0043 0.
1.000  0.012
0.012  1.000
#
#--  LEP-I/SLD  --
CorrelatedGaussianObservables Zpole4 6
Observable  Rbottom_C   Rbottom   R_{b} 1. -1. MCMC weight 0.2158545260420316 0.00066 0.
Observable  Rcharm_C    Rcharm    R_{c} 1. -1. MCMC weight 0.1722132737580313 0.0030 0.
Observable  AFBbottom_C AFBbottom A_{FB}^{b} 1. -1. MCMC weight 0.1032842806113866 0.0016 0.
Observable  AFBcharm_C  AFBcharm  A_{FB}^{c} 1. -1. MCMC weight 0.07380153034545871 0.0035 0.
Observable  Abottom_C   Abottom   A_{b} 1. -1. MCMC weight 0.9347523361749206 0.020 0.
Observable  Acharm_C    Acharm    A_{c} 1. -1. MCMC weight 0.6679249978345343 0.027 0.
 1.00  -0.18  -0.10   0.07  -0.08   0.04
-0.18   1.00   0.04  -0.06   0.04  -0.06
-0.10   0.04   1.00   0.15   0.06   0.01
 0.07  -0.06   0.15   1.00  -0.02   0.04
-0.08   0.04   0.06  -0.02   1.00   0.11
 0.04  -0.06   0.01   0.04   0.11   1.00
#
#--  LEP-II/Tevatron  --
# MW: our LEP2 + Tevatron + ATLAS combination (asummes common Tevatron-ATLAS uncertainty of ~5 MeV)
Observable  Mw_C        Mw        M_{W} 1. -1. MCMC weight 80.36035230709615 0.012 0.
# W width: LEP2 + Tevatron combination
Observable  GammaW_C    GammaW    #Gamma_{W} 1. -1. MCMC weight 2.08840879622842 0.042 0.
# W BR: LEP2
#The hadronic BR is derived asumming lepton universality + Constraint W->lept+W->had=1.
# Do not use in any case for the non-lepton universal fits
#Observable  BrWhadrons_C  BrWhadrons  BR_{Whad}      1. -1. MCMC weight 0.6748628216546417 0.0027 0.
CorrelatedGaussianObservables BRWlept 3
Observable  BrWelectron_C BrWelectron BR_{We#nu}     1. -1. MCMC weight 0.1083790594484527 0.0016 0.
Observable  BrWmuon_C     BrWmuon     BR_{W#mu#nu}   1. -1. MCMC weight 0.1083790594484527 0.0015 0.
Observable  BrWtau_C      BrWtau      BR_{W#tau#nu}  1. -1. MCMC weight 0.1083790594484527 0.0021 0.
 1.000  0.136 -0.201
 0.136  1.000 -0.122
-0.201 -0.122  1.000
#
#--  Tevatron/LHC measurements of the effective angle  --
#Observable  sW2eff_TevLHC_ee_C sin2thetaEffelectron sin^{2}#theta_{eff}^{ee} 1. -1. MCMC weight 0.2314833513035433 0.00029 0. 
#Observable  sW2eff_TevLHC_mm_C sin2thetaEffmuon sin^{2}#theta_{eff}^{#mu#mu} 1. -1. MCMC weight 0.2314833513035433 0.00039 0. 
#
#-- Other results for light or heavy quark flavours--
#
# SLD measurement of As: hep-ex/0006019
Observable  As_C       Astrange  A_{s} 1. -1. MCMC weight 0.9356701083199546 0.091 0.
# LEP-I/SLD: from PDG 2012
Observable  Ruc_C      Ruc       R_{uc} 1. -1. MCMC weight 0.172235192460721 0.009 0.
# Others (see PDG)
Observable  RWc_C      RWc       R_{Wc} 1. -1. MCMC weight 0.5 0.04 0.
#
#-- Test of lepton universality in W and Z decays (aside from the LEP/SLD observables included above)
#
# W decays
#
# PRL Vol. 75, Num. 8 (1995) 1456
#Observable  RW_mu_over_e_D0_C          RW_mu_e    BR_{W#mu#nu}/BR_{We#nu}    1. -1. MCMC weight 1.000 0.101 0. 
# J. Phys. G: Nucl. Part. Phys. 34 (2007) 2457-2544
#Observable  RW_mu_over_e_CDF_C         RW_mu_e    BR_{W#mu#nu}/BR_{We#nu}    1. -1. MCMC weight 1.000 0.024 0. 
# JHEP 10 (2016) 030
#Observable  RW_mu_over_e_LHCb_R1_C     RW_mu_e    BR_{W#mu#nu}/BR_{We#nu}    1. -1. MCMC weight 1.000 0.018 0. 
# Eur. Phys. J. C 77 (2017) 367
#Observable  RW_mu_over_e_ATLAS_R1_C    RW_mu_e    BR_{W#mu#nu}/BR_{We#nu}    1. -1. MCMC weight 1.000 0.010 0. 
#
# PRL Vol. 84, Num. 25 (2000) 5710
#Observable  RW_tau_over_e_D0_C         RW_tau_e   BR_{W#tau#nu}/BR_{We#nu}   1. -1. MCMC weight 1.000 0.061 0. 
# PRL Vol. 68, Num. 23 (1992) 3398
#Observable  RW_tau_over_e_CDF_C        RW_tau_e   BR_{W#tau#nu}/BR_{We#nu}   1. -1. MCMC weight 1.000 0.136 0. 
#
# ATLAS-CONF-2020-014: 139/fb
#Observable  RW_tau_over_mu_ATLAS_R2_C  RW_tau_mu  BR_{W#tau#nu}/BR_{W#mu#nu} 1. -1. MCMC weight 1.000 0.013 0. 
#
# Z decays
#
# Eur. Phys. J. C 77 (2017) 367
#Observable  RZ_mu_over_e_ATLAS_R1_C         RZ_mu_e     BR_{Z#mu#mu}/BR_{Zee}         1. -1. MCMC weight 1.000 0.0050 0. 
#
# JHEP 1809 (2018) 159
#Observable  RZ_tau_over_e_LHCb_R1_C         RZ_tau_e    BR_{Z#tau#tau}/BR_{Zee}       1. -1. MCMC weight 0.9977375841234325 0.06 0. 
#Observable  RZ_tau_over_mu_LHCb_R1_C        RZ_tau_mu   BR_{Z#tau#tau}/BR_{Z#mu#mu}   1. -1. MCMC weight 0.9977375841234325 0.05 0. 
#
# WARNING: The following only work in NP models, not in SM
# --------------------------------------------------------
#
# Vtb: arXiv: 1403.7366 [hep-ex] CMS 7 + 8 TeV
# |fLv Vtb|=sqrt(sigma_tchannel/sigma_tchannel_theo)=0.998+-0.038(exp)+-0.016(th.)
# Compare to deltaVtbL=NP-SM, with SM value of 1.0
#Observable VtbCMSsingletR1_C      deltaVtbL      #deltaV_{Wtb}^{L}    1. -1.  MCMC weight 0.000 0.041 0. 
#
# Vtb: arXiv: 2004.12181 [hep-ex] CMS 13 TeV
# Result from BSM scenario 1 (no extra top decays) more appropriate for SMEFT analyses: |Vtb|=0.988+-0.051
# Compare to deltaVtbL=NP-SM, with SM value of 1.0
#Observable VtbCMSsingletR2_C      deltaVtbL      #deltaV_{Wtb}^{L}    1. -1.  MCMC weight 0.000 0.051 0. 
#
# V and A q couplings from D0 (Results from Tab. VIII and IX in arXiv:1104.4590 [hep-ex], translated as deviations from SM)
# Warning: fit is highlly non-Gaussian plus correlations exclude PDF uncertainties.
# Dominated by Z pole region but also includes off pole data.
##CorrelatedGaussianObservables ZqqD0 4 
#Observable gAuD0_C      deltagZuuA      #deltag_{A}^{u}/g_{A}^{u,SM}    1. -1.  MCMC weight 0.0 0.219561 0.
#Observable gVuD0_C      deltagZuuV      #deltag_{V}^{u}/g_{V}^{u,SM}    1. -1.  MCMC weight 0.0 0.583333 0.
#Observable gAdD0_C      deltagZddA      #deltag_{A}^{d}/g_{A}^{d,SM}    1. -1.  MCMC weight 0.0 0.328685 0.
#Observable gVdD0_C      deltagZddV      #deltag_{V}^{d}/g_{V}^{d,SM}    1. -1.  MCMC weight 0.0 0.723343 0.
##1.000  0.470 -0.201 -0.217 
##0.470  1.000  0.606 -0.925 
##-0.201  0.606  1.000 -0.813 
##-0.217 -0.925 -0.813  1.000 
