######################################################################
#--  ATLAS Projections for HLLHC S2: 
# From Fancy json file sent by ATLAS to Jorge
CorrelatedGaussianObservables HLLHC_ATLAS_S2 19
Observable		muggHZZ14_ATLAS_S2			muggHZZ14			#mu_{ggH}^{ZZ}			    1.	-1.	 MCMC 	 weight 	 1.		0.04639		 0.
Observable		muVBFHZZ14_ATLAS_S2			muVBFHZZ14			#mu_{VBF}^{ZZ}			    1.	-1.	 MCMC 	 weight 	 1.		0.11832		 0.
Observable		muWHZZ14_ATLAS_S2			muWHZZ14			#mu_{WH}^{ZZ}			    1.	-1.	 MCMC 	 weight 	 1.		0.43797		 0.
Observable		muZHZZ14_ATLAS_S2			muZHZZ14			#mu_{ZH}^{ZZ}			    1.	-1.	 MCMC 	 weight 	 1.		0.83323		 0.
Observable		muttHZZ14_ATLAS_S2			muttHZZ14			#mu_{ttH}^{ZZ}			    1.	-1.	 MCMC 	 weight 	 1.		0.19694		 0.
Observable		muggHgaga14_ATLAS_S2			muggHgaga14			#mu_{ggH}^{#gamma#gamma}	    1.	-1.	 MCMC 	 weight 	 1.		0.04518		 0.
Observable		muVBFHgaga14_ATLAS_S2			muVBFHgaga14			#mu_{VBF}^{#gamma#gamma}	    1.	-1.	 MCMC 	 weight 	 1.		0.08927		 0.
Observable		muWHgaga14_ATLAS_S2			muWHgaga14			#mu_{WH}^{#gamma#gamma}		    1.	-1.	 MCMC 	 weight 	 1.		0.14073		 0.
Observable		muZHgaga14_ATLAS_S2			muZHgaga14			#mu_{ZH}^{#gamma#gamma}		    1.	-1.	 MCMC 	 weight 	 1.		0.16531		 0.
Observable		muttHgaga14_ATLAS_S2			muttHgaga14			#mu_{ttH}^{#gamma#gamma}	    1.	-1.	 MCMC 	 weight 	 1.		0.08853		 0.
Observable		muggHWW14_ATLAS_S2			muggHWW14			#mu_{ggH}^{WW}			    1.	-1.	 MCMC 	 weight 	 1.		0.06163		 0.
Observable		muVBFHWW14_ATLAS_S2			muVBFHWW14			#mu_{VBF}^{WW}			    1.	-1.	 MCMC 	 weight 	 1.		0.06677		 0.
Observable		muttHWW14_ATLAS_S2			muttHWW14			#mu_{ttH}^{WW}			    1.	-1.	 MCMC 	 weight 	 1.		1.14334		 0.
Observable		muggHtautau14_ATLAS_S2			muggHtautau14			#mu_{ggH}^{#tau#tau}		    1.	-1.	 MCMC 	 weight 	 1.		0.08792		 0.
Observable		muVBFHtautau14_ATLAS_S2			muVBFHtautau14			#mu_{VBF}^{#tau#tau}		    1.	-1.	 MCMC 	 weight 	 1.		0.0806		 0.
Observable		muttHtautau14_ATLAS_S2			muttHtautau14			#mu_{ttH}^{#tau#tau}		    1.	-1.	 MCMC 	 weight 	 1.		0.73253		 0.
Observable	    	muWHbb14_ATLAS_S2			muWHbb14			#mu_{WH}^{bb}			    1.	-1.	 MCMC 	 weight 	 1.		0.10113		 0.
Observable		muZHbb14_ATLAS_S2			muZHbb14			#mu_{ZH}^{bb}			    1.	-1.	 MCMC 	 weight 	 1.		0.0585		 0.
Observable		muttHbb14_ATLAS_S2			muttHbb14			#mu_{ttH}^{bb}			    1.	-1.	 MCMC 	 weight 	 1.		0.14758		 0.
1.	        -0.11541	0.05175	    -0.09447	0.069	    0.25883	    -0.0466	    0.01423	    0.0163	    0.02355	    0.28348	    0.03039     0.00541	    0.10815	    -0.00635	0.00069	    0.00225	    -0.00289	-0.00427
-0.11541	1.	        0.02689	    -0.02305	0.0129	    -0.02305	0.27782	    0.01552	    0.01472	    0.00156	    -0.00483	0.02882	    0.00186	    0.09524	    0.09525	    -0.00132	0.00123	    0.00234	    -0.00117
0.05175	    0.02689	    1.	        -0.7625	    -0.07797	0.0084	    0.00083	    0.01165	    0.01993	    -0.0032	    0.00372	    0.00267	    0.00106	    -0.01482	0.00146	    0.00054	    -0.00049	-0.00175	-0.00148
-0.09447	-0.02305	-0.7625	    1.	        -0.03358	-0.00133	0.01479	    0.02439	    0.02633	    -0.00816	-0.00804	0.00236	    0.00285	    0.07026	    0.00009	    -0.00013	0.00283	    0.01837	    0.00058
0.069	    0.0129	    -0.07797	-0.03358	1.	        0.00116	    0.00287	    -0.00529	0.00677	    0.11595	    -0.00107	0.00263	    0.01556	    -0.00259	0.00326	    -0.00442	0.00012	    0.00037	    0.03246
0.25883	    -0.02305	0.0084	    -0.00133	0.00116	    1.	        0.05009	    0.10118	    0.09337	    0.20556	    0.29682	    0.03314	    0.00894	    0.17036	    -0.00919	0.00379	    -0.00329	-0.00585	-0.0105
-0.0466	    0.27782	    0.00083	    0.01479	    0.00287	    0.05009	    1.	        0.07569	    0.06863	    0.14736	    -0.03048	0.05298	    0.0071	    0.11094	    0.1978	    -0.00097	-0.00157	-0.00353	-0.00629
0.01423	    0.01552	    0.01165	    0.02439	    -0.00529	0.10118	    0.07569	    1.	        -0.15717	0.0006	    0.00061	    0.01003	    0.00338	    0.085	    0.00345	    0.00134	    -0.00077	-0.002	    -0.00483
0.0163	    0.01472	    0.01993	    0.02633	    0.00677	    0.09337	    0.06863	    -0.15717	1.	        0.03392	    -0.00041	0.00664	    0.00356	    0.07302	    0.00206	    0.00116	    -0.00028	-0.00103	-0.00289
0.02355	    0.00156	    -0.0032	    -0.00816	0.11595	    0.20556	    0.14736	    0.0006	    0.03392	    1.	        -0.01359	0.00838	    0.01082	    0.00641	    0.00994	    -0.00752	-0.00194	-0.0036	    0.09309
0.28348	    -0.00483	0.00372	    -0.00804	-0.00107	0.29682	    -0.03048	0.00061	    -0.00041	-0.01359	1.	        -0.01097	0.00804	    0.13555	    0.00499	    0.00593	    0.00235	    0.00284	    -0.00464
0.03039	    0.02882	    0.00267	    0.00236	    0.00263	    0.03314	    0.05298	    0.01003	    0.00664	    0.00838	    -0.01097	1.	        0.00839	    0.02557	    0.08037	    0.0017	    0.00144	    0.00229	    -0.00473
0.00541	    0.00186	    0.00106	    0.00285	    0.01556	    0.00894	    0.0071	    0.00338	    0.00356	    0.01082	    0.00804	    0.00839	    1.	        0.00505	    -0.0008	    -0.61044	0.00322	    0.00524	    0.02487
0.10815	    0.09524	    -0.01482	0.07026	    -0.00259	0.17036	    0.11094	    0.085	    0.07302	    0.00641	    0.13555	    0.02557	    0.00505	    1.	        -0.27879	0.01925	    -0.00245	-0.00321	-0.00694
-0.00635	0.09525	    0.00146	    0.00009	    0.00326	    -0.00919	0.1978	    0.00345	    0.00206	    0.00994	    0.00499	    0.08037	    -0.0008	    -0.27879	1.	        0.01084	    0.00038	    -0.00108	-0.00472
0.00069	    -0.00132	0.00054	    -0.00013	-0.00442	0.00379	    -0.00097	0.00134	    0.00116	    -0.00752	0.00593	    0.0017	    -0.61044	0.01925	    0.01084	    1.	        -0.0003	    0.00086	    0.01219
0.00225	    0.00123	    -0.00049	0.00283	    0.00012	    -0.00329	-0.00157	-0.00077	-0.00028	-0.00194	0.00235	    0.00144	    0.00322	    -0.00245	0.00038	    -0.0003	    1.	        0.1698	    0.00066
-0.00289	0.00234	    -0.00175	0.01837	    0.00037	    -0.00585	-0.00353	-0.002	    -0.00103	-0.0036	    0.00284	    0.00229	    0.00524	    -0.00321	-0.00108	0.00086	    0.1698	    1.	        0.00122
-0.00427	-0.00117	-0.00148	0.00058	    0.03246	    -0.0105	    -0.00629	-0.00483	-0.00289	0.09309	    -0.00464	-0.00473	0.02487	    -0.00694	-0.00472	0.01219	    0.00066	    0.00122	    1.
#
CorrelatedGaussianObservables HLLHC_ATLAS_S2_mumu 2
Observable		muggHmumu14_ATLAS_S2		muggHmumu14			#mu_{ggH}^{#mu#mu}			1.	-1.	 MCMC 	 weight 	 1.		0.185		 0.
Observable		muVBFHmumu14_ATLAS_S2		muVBFHmumu14			#mu_{VBF}^{#mu#mu}			1.	-1.	 MCMC 	 weight 	 1.		0.361		 0.
1.     -0.30
-0.30   1.
CorrelatedGaussianObservables HLLHC_ATLAS_S2_Zga 2
Observable		muggHZga14_ATLAS_S2			muggHZga14			#mu_{ggH}^{Z#gamma}			1.	-1.	 MCMC 	 weight 	 1.		0.333		 0.
Observable		muVBFHZga14_ATLAS_S2			muVBFHZga14			#mu_{VBF}^{Z#gamma}			1.	-1.	 MCMC 	 weight 	 1.		0.682		 0.
1.     -0.33
-0.33   1.
# Number from CMS
Observable  muggHbb14_ATLAS_S2       muggHbb14       #mu^{bb}_{ggH}            1. -1. MCMC weight  1.  0.247 0.
######################################################################
