######################################################################
# Model Parameters
#               name        ave         errg        errf
#---------------------------------------------------------------------
#
CorrelatedGaussianParameters   LCSRFF 19
ModelParameter  a_0A0   0.390635    0.0352359       0.
ModelParameter  a_1A0  -1.15441     0.283839        0.
ModelParameter  a_2A0   2.08102     1.50063         0.
ModelParameter  a_0A1   0.289097    0.0269348       0.
ModelParameter  a_1A1   0.30781     0.187527        0.
ModelParameter  a_2A1   0.722586    0.490349        0.
ModelParameter  a_1A12  0.571374    0.217861        0.
ModelParameter  a_2A12  0.138278    0.862416        0.
ModelParameter  a_0T1   0.30833     0.0309838       0.
ModelParameter  a_1T1  -0.961551    0.197166        0.
ModelParameter  a_2T1   2.00707     1.08622         0.
ModelParameter  a_1T2   0.423666    0.195085        0.
ModelParameter  a_2T2   2.02091     0.715492        0.
ModelParameter  a_0T23  0.793279    0.0635258       0.
ModelParameter  a_1T23  1.26374     0.611965        0.
ModelParameter  a_2T23  1.96215     2.37621         0.
ModelParameter  a_0V    0.365642    0.0352129       0.
ModelParameter  a_1V   -1.08352     0.244872        0.
ModelParameter  a_2V    2.46546     1.34565         0.
1.          0.449473   -0.616036   -0.149553   -0.14632    -0.180342	0.545065	0.41971    -0.0178561  -0.156651	0.0349407  -0.138587   -0.253213	0.565736	0.302412	0.0292709  -0.0951771  -0.17664     0.0349502
0.449473    1.         -0.462257   -0.203559    0.19135     0.247836	0.951614	0.909208   -0.225873	0.306549	0.0730601 	0.173043	0.256222	0.415265	0.888166	0.824624   -0.264147	0.276596	0.135794
-0.616036  -0.462257    1.          0.269516   -0.0149799   0.166189   -0.689425   -0.445078	0.120857   -0.0960895	0.369673   -0.116334	0.373484   -0.422328   -0.576692   -0.0591901	0.279659   -0.0619701	0.341745
-0.149553  -0.203559    0.269516    1.          0.491842    0.143931   -0.305642   -0.418399	0.897042	0.493367   -0.491758	0.512995	0.160031	0.0428635  -0.17833	   -0.140648	0.903512	0.464454   -0.464295
-0.14632    0.19135    -0.0149799   0.491842    1.          0.74757		0.12766    -0.0921494	0.454697	0.947529   -0.541331	0.967323	0.553459	0.0306293	0.232323	0.119516	0.478584	0.969429   -0.5294
-0.180342   0.247836    0.166189    0.143931    0.74757     1.          0.146004	0.084384	0.0301426	0.708583	0.0565147	0.644876	0.850034	0.0510433	0.25031     0.361752	0.0909221	0.746892	0.0869363
0.545065    0.951614   -0.689425   -0.305642    0.12766     0.146004	1.          0.91468    -0.266263	0.257017   -0.0376423   0.153721    0.0692239	0.429589	0.896512	0.685029   -0.357672	0.221712	0.0225585
0.41971     0.909208   -0.445078   -0.418399   -0.0921494   0.084384	0.91468     1.         -0.416487	0.0656297	0.210217   -0.0733228   0.104604	0.29022     0.788915	0.767168   -0.486399	0.0270926	0.281444
-0.0178561 -0.225873    0.120857    0.897042    0.454697    0.0301426  -0.266263   -0.416487	1.          0.487898   -0.650775	0.547493   -0.0712457	0.0630001  -0.188472   -0.291441	0.917887	0.43138    -0.6223
-0.156651   0.306549   -0.0960895   0.493367    0.947529    0.708583	0.257017	0.0656297	0.487898	1.         -0.59325     0.974245	0.537276	0.0450415	0.363996	0.243213	0.440306	0.976499   -0.530609
0.0349407   0.0730601   0.369673   -0.491758   -0.541331    0.0565147  -0.0376423	0.210217   -0.650775   -0.59325     1.         -0.694711	0.264778	0.0449258  -0.0677895	0.322978   -0.52557	   -0.551477	0.967066
-0.138587   0.173043   -0.116334    0.512995    0.967323    0.644876	0.153721   -0.0733228	0.547493	0.974245   -0.694711	1.          0.417974	0.00918246	0.245557	0.0558685	0.502655	0.965228   -0.658359
-0.253213   0.256222    0.373484    0.160031    0.553459    0.850034	0.0692239	0.104604   -0.0712457	0.537276	0.264778	0.417974	1.          0.00740895	0.171401	0.503404	0.0473535	0.557436	0.323399
0.565736    0.415265   -0.422328    0.0428635   0.0306293   0.0510433	0.429589	0.29022     0.0630001	0.0450415	0.0449258	0.00918246	0.00740895	1.          0.599095	0.359209	0.0456984	0.0440929	0.0691115
0.302412    0.888166   -0.576692   -0.17833     0.232323    0.25031		0.896512	0.788915   -0.188472	0.363996   -0.0677895	0.245557	0.171401	0.599095	1.          0.79568    -0.251154	0.339456   -0.00378131
0.0292709   0.824624   -0.0591901  -0.140648    0.119516    0.361752	0.685029	0.767168   -0.291441	0.243213	0.322978	0.0558685	0.503404	0.359209	0.79568     1.         -0.247657	0.230459	0.397215
-0.0951771 -0.264147    0.279659    0.903512    0.478584    0.0909221  -0.357672   -0.486399	0.917887	0.440306   -0.52557     0.502655	0.0473535	0.0456984  -0.251154   -0.247657	1.          0.459436   -0.557193
-0.17664    0.276596   -0.0619701   0.464454    0.969429    0.746892	0.221712	0.0270926	0.43138     0.976499   -0.551477	0.965228	0.557436	0.0440929	0.339456	0.230459	0.459436	1.         -0.524296
0.0349502   0.135794    0.341745   -0.464295   -0.5294      0.0869363	0.0225585	0.281444   -0.6223     -0.530609	0.967066   -0.658359	0.323399	0.0691115  -0.00378131	0.397215   -0.557193   -0.524296	1.
#
ModelParameter  MRA0        5.279       0.    0.
ModelParameter  MRA1        5.724       0.    0.
ModelParameter  a_0A12      0.280786    0.    0.
ModelParameter  MRA12       5.724       0.    0.
ModelParameter  MRT1        5.325       0.    0.
ModelParameter  a_0T2       0.30833     0.    0.
ModelParameter  MRT2        5.724       0.    0.
ModelParameter  MRT23       5.724       0.    0.
ModelParameter  MRV         5.325       0.    0.
#
ModelParameter  a_0Vphi        0        0.           0.
ModelParameter  a_1Vphi        0        0.           0.
ModelParameter  a_2Vphi        0        0.           0.
ModelParameter  MRVphi         0        0.           0.
ModelParameter  a_0A0phi       0.       0.           0.
ModelParameter  a_1A0phi       0        0            0.
ModelParameter  a_2A0phi       0        0            0.
ModelParameter  MRA0phi        0.       0.           0.
ModelParameter  a_0A1phi       0        0.           0.
ModelParameter  a_1A1phi       0.       0.           0.
ModelParameter  a_2A1phi       0.       0.           0.
ModelParameter  MRA1phi        0.       0.           0.
ModelParameter  a_0A12phi      0.       0.           0.
ModelParameter  a_1A12phi      0.       0.           0.
ModelParameter  a_2A12phi      0.       0.           0.
ModelParameter  MRA12phi       0        0.           0.
ModelParameter  a_0T1phi       0        0.           0.
ModelParameter  a_1T1phi       0        0.           0.
ModelParameter  a_2T1phi       0        0.           0.
ModelParameter  MRT1phi        0        0.           0.
ModelParameter  a_0T2phi       0        0.           0.
ModelParameter  a_1T2phi       0        0.           0.
ModelParameter  a_2T2phi       0        0.           0.
ModelParameter  MRT2phi        0        0.           0.
ModelParameter  a_0T23phi      0        0.           0.
ModelParameter  a_1T23phi      0        0.           0.
ModelParameter  a_2T23phi      0        0.           0.
ModelParameter  MRT23phi       0        0.           0.
#
ModelParameter  r_1_fplus      0       0.          0.
ModelParameter  r_2_fplus      0       0.          0.
ModelParameter  m_fit2_fplus   0       0.          0.
ModelParameter  r_1_fT         0       0.          0.
ModelParameter  r_2_fT         0       0.          0.
ModelParameter  m_fit2_fT      0       0.          0.
ModelParameter  r_2_f0         0       0.          0.
ModelParameter  m_fit2_f0      0       0.          0.
######################################################################
Observable  a_0A0  a_0A0   a_0A0    1   -1  noMCMC  noweight
Observable  a_1A0  a_1A0   a_1A0    1   -1  noMCMC  noweight
Observable  a_2A0  a_2A0   a_2A0    1   -1  noMCMC  noweight
Observable  a_0A1  a_0A1   a_0A1    1   -1  noMCMC  noweight
Observable  a_1A1  a_1A1   a_1A1    1   -1  noMCMC  noweight
Observable  a_2A1  a_2A1   a_2A1    1   -1  noMCMC  noweight
Observable  a_1A12 a_1A12  a_1A12   1   -1  noMCMC  noweight
Observable  a_2A12 a_2A12  a_2A12   1   -1  noMCMC  noweight
Observable  a_0T1  a_0T1   a_0T1    1   -1  noMCMC  noweight
Observable  a_1T1  a_1T1   a_1T1    1   -1  noMCMC  noweight
Observable  a_2T1  a_2T1   a_2T1    1   -1  noMCMC  noweight
Observable  a_1T2  a_1T2   a_1T2    1   -1  noMCMC  noweight
Observable  a_2T2  a_2T2   a_2T2    1   -1  noMCMC  noweight
Observable  a_0T23 a_0T23  a_0T23   1   -1  noMCMC  noweight
Observable  a_1T23 a_1T23  a_1T23   1   -1  noMCMC  noweight
Observable  a_2T23 a_2T23  a_2T23   1   -1  noMCMC  noweight
Observable  a_0V   a_0V    a_0V     1   -1  noMCMC  noweight
Observable  a_1V   a_1V    a_1V     1   -1  noMCMC  noweight
Observable  a_2V   a_2V    a_2V     1   -1  noMCMC  noweight
