######################################################################
#--  CLIC aTGC: Using Optimal observables analysis (Full)  --
# This is for 380 GeV (+/-80%, 0%)
#
ObservablesWithCovarianceInverse aTGCCLICOOFull_E1 7
Observable  deltageL_CLIC_OO_E1          delgZeL         #delta{g_{L}^{e}}         1. -1. MCMC weight  0.  1.  0.
Observable  deltageR_CLIC_OO_E1          delgZeR         #delta{g_{R}^{e}}         1. -1. MCMC weight  0.  1.  0.
Observable  deltaUev_CLIC_OO_E1          deltaUWeve      #delta{U_{{#nu}e}}        1. -1. MCMC weight  0.  1.  0.
Observable  deltaMW_CLIC_OO_E1           deltaMW         #delta{M_{W}}             1. -1. MCMC weight  0.  1.  0.
Observable  deltag1Z_CLIC_OO_E1          deltag1Z        #delta{g_{1,Z}}           1. -1. MCMC weight  0.  1.  0.
Observable  deltaKgamma_CLIC_OO_E1       deltaKgamma     #delta#kappa_{#gamma}     1. -1. MCMC weight  0.  1.  0.
Observable  lambdaZ_CLIC_OO_E1           lambdaZ         #lamdba_{Z}               1. -1. MCMC weight  0.  1.  0.
59936103.	8549954.	58100427.	5526788.	-13967046.	-8276962.	-7753247.
8549954.	61602476.	6661462.	-41278.6	12119656.	-14345598.	176711.
58100427.	6661462.	56367474.	5379417.	-13918483.	-7670551.	-7556777.
5526788.	-41278.6	5379417.	2917291.	-1481506.	-554568.	-730364.
-13967046.	12119656.	-13918483.	-1481506.	6551652.	-1148386.	2105979.
-8276962.	-14345598.	-7670551.	-554568.	-1148386.	4102210.	597260.
-7753247.	176711.		-7556777.	-730364.	2105979.	597260.		7554009.
######################################################################
# Inverse Covariance with rate information (efficiency 0.4)
# 47948883.	6839963.	46480342.	4421430.	-11173637.	-6621570.	-6202598.
# 6839963.	49281981.	5329169.	-33022.9	9695725.	-11476478.	141368.
# 46480342.	5329169.	45093979.	4303533.	-11134786.	-6136441.	-6045422.
# 4421430.	-33022.9	4303533.	2333832.	-1185205.	-443655.	-584291.
# -11173637.	9695725.	-11134786.	-1185205.	5241321.	-918709.	1684783.
# -6621570.	-11476478.	-6136441.	-443655.	-918709.	3281768.	477808.
# -6202598.	141368.		-6045422.	-584291.	1684783.	477808.		6043207.
######################################################################

