######################################################################
#--  CLIC aTGC: Using Optimal observables analysis (Full)  --
# This is for 1500 GeV (+/-80%, 0%)
#
ObservablesWithCovarianceInverse aTGCCLICOOFull_E2 7
Observable  deltageL_CLIC_OO_E2          delgZeL         #delta{g_{L}^{e}}         1. -1. MCMC weight  0.  1.  0.
Observable  deltageR_CLIC_OO_E2          delgZeR         #delta{g_{R}^{e}}         1. -1. MCMC weight  0.  1.  0.
Observable  deltaUev_CLIC_OO_E2          deltaUWeve      #delta{U_{{#nu}e}}        1. -1. MCMC weight  0.  1.  0.
Observable  deltaMW_CLIC_OO_E2           deltaMW         #delta{M_{W}}             1. -1. MCMC weight  0.  1.  0.
Observable  deltag1Z_CLIC_OO_E2          deltag1Z        #delta{g_{1,Z}}           1. -1. MCMC weight  0.  1.  0.
Observable  deltaKgamma_CLIC_OO_E2       deltaKgamma     #delta#kappa_{#gamma}     1. -1. MCMC weight  0.  1.  0.
Observable  lambdaZ_CLIC_OO_E2           lambdaZ         #lamdba_{Z}               1. -1. MCMC weight  0.  1.  0.
2131698178.	207298462.	2127706766.	7095378.	-519284576.	-375946613.	-35025488.
207298462.	552732226.	205983214.	-56642.8	73967880.	-193637198.	959643.
2127706766.	205983214.	2123424520.	7284692.	-518457327.	-374966766.	-34987232.
7095378.	-56642.8	7284692.	514137.		-1900614.	-1014448.	-152765.
-519284576.	73967880.	-518457327.	-1900614.	155527954.	54856203.	9555775.
-375946613.	-193637198.	-374966766.	-1014448.	54856203.	113081947.	3568391.
-35025488.	959643.		-34987232.	-152765.	9555775.	3568391.	441602256.
######################################################################
# Inverse Covariance with rate information (efficiency 0.4)
# 1705358543.	165838770.	1702165413.	5676302.	-415427661.	-300757291.	-28020391.
# 165838770.	442185781.	164786571.	-45314.2	59174304.	-154909758.	767714.
# 1702165413.	164786571.	1698739616.	5827754.	-414765862.	-299973413.	-27989786.
# 5676302.	-45314.2	5827754.	411310.		-1520491.	-811558.	-122212.
# -415427661.	59174304.	-414765862.	-1520491.	124422363.	43884962.	7644620.
# -300757291.	-154909758.	-299973413.	-811558.	43884962.	90465558.	2854713.
# -28020391.	767714.		-27989786.	-122212.	7644620.	2854713.	353281805.
######################################################################

