######################################################################
#--  CLIC aTGC: Using Optimal observables analysis (Full)  --
# This is for 3000 GeV (+/-80%, 0%)
#
ObservablesWithCovarianceInverse aTGCCLICOOFull_E3 7
Observable  deltageL_CLIC_OO_E3          delgZeL         #delta{g_{L}^{e}}         1. -1. MCMC weight  0.  1.  0.
Observable  deltageR_CLIC_OO_E3          delgZeR         #delta{g_{R}^{e}}         1. -1. MCMC weight  0.  1.  0.
Observable  deltaUev_CLIC_OO_E3          deltaUWeve      #delta{U_{{#nu}e}}        1. -1. MCMC weight  0.  1.  0.
Observable  deltaMW_CLIC_OO_E3           deltaMW         #delta{M_{W}}             1. -1. MCMC weight  0.  1.  0.
Observable  deltag1Z_CLIC_OO_E3          deltag1Z        #delta{g_{1,Z}}           1. -1. MCMC weight  0.  1.  0.
Observable  deltaKgamma_CLIC_OO_E3       deltaKgamma     #delta#kappa_{#gamma}     1. -1. MCMC weight  0.  1.  0.
Observable  lambdaZ_CLIC_OO_E3           lambdaZ         #lamdba_{Z}               1. -1. MCMC weight  0.  1.  0.
16414938161.	1656805699.	16408478065.	11831923.	-3984396207.	-2983959792.	-82466297.
1656805699.	4206545538.	1654273597.	-295084.	541867250.	-1522400290.	2267420.
16408478065.	1654273597.	16397357293.	12255872.	-3982933779.	-2982016237.	-82418753.
11831923.	-295084.	12255872.	198336.		-3217123.	-1690333.	-80165.6
-3984396207.	541867250.	-3982933779.	-3217123.	1187676809.	438813532.	22586428.
-2983959792.	-1522400290.	-2982016237.	-1690333.	438813532.	912513764.	9183635.
-82466297.	2267420.	-82418753.	-80165.6	22586428.	9183635.	3533190006.
######################################################################
# Inverse Covariance with rate information (efficiency 0.4)
# 13131950529.	1325444559.	13126782452.	9465538.	-3187516965.	-2387167834.	-65973038.
# 1325444559.	3365236430.	1323418878.	-236068.	433493800.	-1217920232.	1813936.
# 13126782452.	1323418878.	13117885834.	9804697.	-3186347023.	-2385612989.	-65935002.
# 9465538.	-236068.	9804697.	158669.		-2573698.	-1352267.	-64132.5
# -3187516965.	433493800.	-3186347023.	-2573698.	950141447.	351050825.	18069142.
# -2387167834.	-1217920232.	-2385612989.	-1352267.	351050825.	730011011.	7346908.
# -65973038.	1813936.	-65935002.	-64132.5	18069142.	7346908.	2826552005.
######################################################################

