# From CLIC Updated Baseline and Higgs couplings prospects (arxiv:1812.01644 [hep-ex])
# Plus Jorge's polarization extrapolation and correlations from email exchange with P. Roloff
#
# Numbers derived from the data used in the model-dependent kappa fit of the reference above, i.e.
# includes also the rescaling of ZH, H->WW to account for contamination from other channels
# (In the model-independent fit they also rescaled ZHcc and ZHgg but that is not included here)
#
####################################################################################################################################
#
# Signal strengths: Polarization e-: -80%  e+: 0%
#
# Correlated measurements
# H -> bb, cc, gg
CorrelatedGaussianObservables muHjj_CLIC380_m80_0 6
Observable eeHvvbb_CLIC380_m80_0      mueeHvvbb380_m80_0     #mu_{#nu#nuH,bb}^{380,-80#%,0#%}            1. -1. MCMC weight 1.0 0.0137 0.
Observable eeHvvcc_CLIC380_m80_0      mueeHvvcc380_m80_0     #mu_{#nu#nuH,cc}^{380,-80#%,0#%}            1. -1. MCMC weight 1.0 0.1897 0.
Observable eeHvvgg_CLIC380_m80_0      mueeHvvgg380_m80_0     #mu_{#nu#nuH,gg}^{380,-80#%,0#%}            1. -1. MCMC weight 1.0 0.0759 0.
Observable eeZHbb_CLIC380_m80_0       mueeZHbb380_m80_0      #mu_{ZH,bb}^{380,-80#%,0#%}                 1. -1. MCMC weight 1.0 0.0081 0.
Observable eeZHcc_CLIC380_m80_0       mueeZHcc380_m80_0      #mu_{ZH,cc}^{380,-80#%,0#%}                 1. -1. MCMC weight 1.0 0.1336 0.
Observable eeZHgg_CLIC380_m80_0       mueeZHgg380_m80_0      #mu_{ZH,gg}^{380,-80#%,0#%}                 1. -1. MCMC weight 1.0 0.0574 0.
1.0  -0.072  -0.04  -0.244  0.0215  0.0215
-0.072  1.0  -0.203  0.0245  -0.311  0.0592
-0.04  -0.203  1.0  0.0285  0.069  -0.323
-0.244  0.0245  0.0285  1.0 -0.0802  -0.0863
0.0215  -0.311  0.069  -0.0802  1.0 -0.202
0.0215  0.0592  -0.323  -0.0863  -0.202  1.0
#
# Uncorrelated measurements
#
# H -> WW
Observable eeZHWW_CLIC380_m80_0       mueeZHWW380_m80_0      #mu_{ZH,WW}^{380,-80#%,0#%}                 1. -1. MCMC weight 1.0 0.0508 0.
#
# H -> tau tau
Observable eeZHtautau_CLIC380_m80_0   mueeZHtautau380_m80_0  #mu_{ZH,#tau#tau}^{380,-80#%,0#%}           1. -1. MCMC weight 1.0 0.0588 0.
#
# H -> invisible (Half of the 95% prob limit quoted)
# From info in arXiv:1812.01644 it is implied it is the limit in ZH x BR (H->inv)
# Observable eeZHinv_CLIC380_m80_0      mueeZHBRinv380_m80_0     #mu_{ZH,inv}^{380,-80#%,0#%}BR_{inv}      1. -1. MCMC weight 0.0 0.0027 0.
#
####################################################################################################################################
#
# Signal strengths: Polarization e-: +80%  e+: 0%
#
# Correlated measurements
# H -> bb, cc, gg
CorrelatedGaussianObservables muHjj_CLIC380_p80_0 6
Observable eeHvvbb_CLIC380_p80_0      mueeHvvbb380_p80_0     #mu_{#nu#nuH,bb}^{380,+80#%,0#%}            1. -1. MCMC weight 1.0 0.0411 0.
Observable eeHvvcc_CLIC380_p80_0      mueeHvvcc380_p80_0     #mu_{#nu#nuH,cc}^{380,+80#%,0#%}            1. -1. MCMC weight 1.0 0.5692 0.
Observable eeHvvgg_CLIC380_p80_0      mueeHvvgg380_p80_0     #mu_{#nu#nuH,gg}^{380,+80#%,0#%}            1. -1. MCMC weight 1.0 0.2277 0.
Observable eeZHbb_CLIC380_p80_0       mueeZHbb380_p80_0      #mu_{ZH,bb}^{380,+80#%,0#%}                 1. -1. MCMC weight 1.0 0.0092 0.
Observable eeZHcc_CLIC380_p80_0       mueeZHcc380_p80_0      #mu_{ZH,cc}^{380,+80#%,0#%}                 1. -1. MCMC weight 1.0 0.1508 0.
Observable eeZHgg_CLIC380_p80_0       mueeZHgg380_p80_0      #mu_{ZH,gg}^{380,+80#%,0#%}                 1. -1. MCMC weight 1.0 0.0649 0.
1.0  -0.072  -0.04  -0.244  0.0215  0.0215
-0.072  1.0  -0.203  0.0245  -0.311  0.0592
-0.04  -0.203  1.0  0.0285  0.069  -0.323
-0.244  0.0245  0.0285  1.0 -0.0802  -0.0863
0.0215  -0.311  0.069  -0.0802  1.0 -0.202
0.0215  0.0592  -0.323  -0.0863  -0.202  1.0
#
# Uncorrelated measurements
#
# H -> WW
Observable eeZHWW_CLIC380_p80_0       mueeZHWW380_p80_0      #mu_{ZH,WW}^{380,+80#%,0#%}                 1. -1. MCMC weight 1.0 0.0573 0.
#
# H -> tau tau
Observable eeZHtautau_CLIC380_p80_0   mueeZHtautau380_p80_0  #mu_{ZH,#tau#tau}^{380,+80#%,0#%}           1. -1. MCMC weight 1.0 0.0664 0.
#
# H -> invisible (Half of the 95% prob limit quoted)
# From info in arXiv:1812.01644 it is implied it is the limit in ZH x BR (H->inv)
# Observable eeZHinv_CLIC380_p80_0      mueeZHBRinv380_p80_0     #mu_{ZH,inv}^{380,+80#%,0#%}BR_{inv}      1. -1. MCMC weight 0.0 0.0030 0.
