######################################################################
# Model Parameters
#               name        ave         errg        errf
#---------------------------------------------------------------------
#arXiv:2305.06301
CorrelatedGaussianParameters   LCSRFF 19
ModelParameter	a_0A0	  0.34213768	 0.02653931	  0.
ModelParameter	a_1A0  -1.14740932   0.19807533	  0.
ModelParameter	a_2A0	  2.37275841	 1.78075009  	0.
ModelParameter	a_0A1	  0.28926565   0.01919469	  0.
ModelParameter	a_1A1	  0.45994786	 0.12940884	  0.
ModelParameter	a_2A1	  1.22417351   0.74192882  	0.
ModelParameter	a_1A12	0.5511594	   0.34036675	  0.
ModelParameter	a_2A12	0.57813167	 2.05882373	  0.
ModelParameter	a_0V    0.36280141	 0.02869665	  0.
ModelParameter	a_1V   -1.08931588   0.16983993	  0.
ModelParameter	a_2V    2.80292123   2.0353314    0.
ModelParameter	a_0T1	  0.31924221   0.02095317	  0.
ModelParameter	a_1T1  -0.96188597   0.13737651	  0.
ModelParameter	a_2T1	  2.09305925   1.27019725   0.
ModelParameter	a_1T2	  0.59323779	 0.180275	    0.
ModelParameter	a_2T2	  1.6795425    0.98605324	  0.
ModelParameter	a_0T23	0.62123502	 0.03446369	  0.
ModelParameter	a_1T23	0.97330702   0.31181726	  0.
ModelParameter	a_2T23	1.82128227   2.42046049 	0.
1.	0.0575611	-0.417367	0.572987	0.312651	-0.0280371	0.499078	0.197963	0.338352	-0.0990943	-0.0590007	0.367778	-0.0137874	-0.098084	0.203825	0.0290259	0.371976	0.151816	-0.0261962
0.0575611	1.	0.362245	-0.0101707	0.177801	0.0192721	0.24608	0.184885	-0.0589706	0.120955	-0.0833622	-0.0456602	0.00585846	0.0226562	-0.021078	-0.00208758	-0.0668142	-0.0184335	0.0138828
-0.417367	0.362245	1.	-0.10132	-0.102271	0.1237	-0.195287	0.0198765	-0.0243087	-0.0927207	0.0941223	-0.0319585	0.00296595	0.0087098	-0.0150272	-0.0104937	-0.104081	-0.034741	0.0267204
0.572987	-0.0101707	-0.10132	1.	0.47945	-0.234017	0.254696	0.124233	0.788282	-0.0838437	-0.293578	0.83679	0.0106627	-0.246844	0.500889	0.0792614	0.626412	0.277717	0.0123495
0.312651	0.177801	-0.102271	0.47945	1.	0.543812	0.564284	0.502909	0.462571	0.074727	-0.292373	0.498661	0.0274721	-0.135253	0.311256	0.0623183	0.374562	0.17037	0.01111
-0.0280371	0.0192721	0.1237	-0.234017	0.543812	1.	0.30075	0.382672	-0.0728528	-0.0561685	0.0873718	-0.0853049	0.00092641	0.0373465	-0.0465302	0.0051434	-0.0477578	-0.0227019	0.000336825
0.499078	0.24608	-0.195287	0.254696	0.564284	0.30075	1.	0.916748	0.140924	0.0394455	-0.119347	0.15585	0.00382131	-0.0270131	0.0944159	0.0169964	0.15636	0.0594236	-0.0208717
0.197963	0.184885	0.0198765	0.124233	0.502909	0.382672	0.916748	1.	0.081543	0.0214051	-0.0762319	0.0846247	0.00350313	-0.00905958	0.057982	0.0140447	0.0710995	0.0253175	-0.0105903
0.338352	-0.0589706	-0.0243087	0.788282	0.462571	-0.0728528	0.140924	0.081543	1.	-0.28976	-0.607526	0.784928	0.00511823	-0.238594	0.46709	0.068655	0.583972	0.250015	0.00386603
-0.0990943	0.120955	-0.0927207	-0.0838437	0.074727	-0.0561685	0.0394455	0.0214051	-0.28976	1.	0.334288	-0.0597349	0.0195762	0.0232149	-0.0294962	-0.00341968	-0.0752132	-0.0132828	0.0199615
-0.0590007	-0.0833622	0.0941223	-0.293578	-0.292373	0.0873718	-0.119347	-0.0762319	-0.607526	0.334288	1.	-0.316958	-0.0123102	0.116478	-0.206539	-0.0340208	-0.226176	-0.0892019	0.0162767
0.367778	-0.0456602	-0.0319585	0.83679	0.498661	-0.0853049	0.15585	0.0846247	0.784928	-0.0597349	-0.316958	1.	-0.152734	-0.405795	0.45827	-0.0638087	0.650738	0.246022	0.0130709
-0.0137874	0.00585846	0.00296595	0.0106627	0.0274721	0.00092641	0.00382131	0.00350313	0.00511823	0.0195762	-0.0123102	-0.152734	1.	0.397884	0.189352	0.158701	-0.0667034	0.131559	-0.0129311
-0.098084	0.0226562	0.0087098	-0.246844	-0.135253	0.0373465	-0.0270131	-0.00905958	-0.238594	0.0232149	0.116478	-0.405795	0.397884	1.	-0.26671	0.113204	-0.156096	-0.169093	0.0233695
0.203825	-0.021078	-0.0150272	0.500889	0.311256	-0.0465302	0.0944159	0.057982	0.46709	-0.0294962	-0.206539	0.45827	0.189352	-0.26671	1.	0.753009	0.322541	0.245364	-0.00558266
0.0290259	-0.00208758	-0.0104937	0.0792614	0.0623183	0.0051434	0.0169964	0.0140447	0.068655	-0.00341968	-0.0340208	-0.0638087	0.158701	0.113204	0.753009	1.	0.0468224	0.0231085	0.0052916
0.371976	-0.0668142	-0.104081	0.626412	0.374562	-0.0477578	0.15636	0.0710995	0.583972	-0.0752132	-0.226176	0.650738	-0.0667034	-0.156096	0.322541	0.0468224	1.	0.134609	-0.363507
0.151816	-0.0184335	-0.034741	0.277717	0.17037	-0.0227019	0.0594236	0.0253175	0.250015	-0.0132828	-0.0892019	0.246022	0.131559	-0.169093	0.245364	0.0231085	0.134609	1.	0.710996
-0.0261962	0.0138828	0.0267204	0.0123495	0.01111	0.000336825	-0.0208717	-0.0105903	0.00386603	0.0199615	0.0162767	0.0130709	-0.0129311	0.0233695	-0.00558266	0.0052916	-0.363507	0.710996	1.
#
ModelParameter  MRA0        5.366       0.    0.
ModelParameter  MRA1        5.829       0.    0.
ModelParameter  MRA12       5.829       0.    0.
ModelParameter  MRT1        5.415       0.    0.
ModelParameter  MRT2        5.829       0.    0.
ModelParameter  MRT23       5.829       0.    0.
ModelParameter  MRV         5.415       0.    0.
#
CorrelatedGaussianParameters LATTICEFF1 8
ModelParameter	b_0_fplus 	 0.33196382	  0.01030667	0.
ModelParameter	b_1_fplus  	-0.96403506	  0.06670451	0.
ModelParameter	b_2_fplus	  -0.30273752	  0.08985931	0.
ModelParameter	b_1_f0	     0.33478906	  0.07752753	0.
ModelParameter	b_2_f0	     0.00372445 	0.14655034	0.
ModelParameter	b_0_fT	     0.32361471 	0.02153858	0.
ModelParameter	b_1_fT	    -1.02911783	  0.17444811	0.
ModelParameter	b_2_fT	    -0.39954681 	0.34388168	0.
1.	0.815122	0.618246	0.926961	0.827784	0.411956	0.278925	0.140944
0.815122	1.	0.744395	0.883555	0.828012	0.338901	0.361437	0.189335
0.618246	0.744395	1.	0.665184	0.69392	0.227592	0.207442	0.158361
0.926961	0.883555	0.665184	1.	0.964892	0.38577	0.321932	0.163897
0.827784	0.828012	0.69392	0.964892	1.	0.337203	0.29168	0.161572
0.411956	0.338901	0.227592	0.38577	0.337203	1.	0.901119	0.791724
0.278925	0.361437	0.207442	0.321932	0.29168	0.901119	1.	0.933671
0.140944	0.189335	0.158361	0.163897	0.161572	0.791724	0.933671	1.
#
ModelParameter  m_fit_fplus_lat   5.4154       0.          0.
ModelParameter  m_fit_fT_lat      5.4154       0.          0.
ModelParameter  m_fit_f0_lat      5.711        0.          0.
###
######################################################################
