######################################################################
#--  ILC aTGC: Using Optimal observables analysis (Full)  --
# This is for 500 GeV (+/-80%,-/+30%)
#
ObservablesWithCovarianceInverse aTGCILCOOFull_E3_P1 7
Observable  deltageL_ILC_OO_E3_P1         delgZeL         #delta{g_{L}^{e}}         1. -1. MCMC weight  0.  1.  0.
Observable  deltageR_ILC_OO_E3_P1          delgZeR         #delta{g_{R}^{e}}         1. -1. MCMC weight  0.  1.  0.
Observable  deltaUev_ILC_OO_E3_P1          deltaUWeve      #delta{U_{{#nu}e}}        1. -1. MCMC weight  0.  1.  0.
Observable  deltaMW_ILC_OO_E3_P1           deltaMW         #delta{M_{W}}             1. -1. MCMC weight  0.  1.  0.
Observable  deltag1Z_ILC_OO_E3_P1          deltag1Z        #delta{g_{1,Z}}           1. -1. MCMC weight  0.  1.  0.
Observable  deltaKgamma_ILC_OO_E3_P1       deltaKgamma     #delta#kappa_{#gamma}     1. -1. MCMC weight  0.  1.  0.
Observable  lambdaZ_ILC_OO_E3_P1           lambdaZ         #lamdba_{Z}               1. -1. MCMC weight  0.  1.  0.
350021860.	42275787.	344012597.	16213679.	-83336979.	-52758559.	-33417720.
42275787.	459621824.	34475280.	-2461748.	96156944.	-116854827.	621181.
344012597.	34475280.	338045848.	16000596.	-83555760.	-50129887.	-32954747.
16213679.	-2461748.	16000596.	6677308.	-4892684.	-1263325.	-1633682.
-83336979.	96156944.	-83555760.	-4892684.	44663263.	-13258056.	9042963.
-52758559.	-116854827.	-50129887.	-1263325.	-13258056.	35503189.	2913931.
-33417720.	621181.		-32954747.	-1633682.	9042963.	2913931.	52522294.
######################################################################
# Inverse Covariance with rate information (efficiency 0.4)
# 280017488.	33820630.	275210078.	12970943.	-66669583.	-42206848.	-26734176.
# 33820630.	367697459.	27580224.	-1969398.	76925555.	-93483861.	496945.
# 275210078.	27580224.	270436678.	12800477.	-66844608.	-40103909.	-26363798.
# 12970943.	-1969398.	12800477.	5341846.	-3914147.	-1010660.	-1306946.
# -66669583.	76925555.	-66844608.	-3914147.	35730611.	-10606445.	7234370.
# -42206848.	-93483861.	-40103909.	-1010660.	-10606445.	28402551.	2331145.
# -26734176.	496945.		-26363798.	-1306946.	7234370.	2331145.	42017835.
######################################################################

