######################################################################
#--  ILC aTGC: Using Optimal observables analysis (Full)  --
# This is for 350 GeV (+/-80%,-/+30%)
#
ObservablesWithCovarianceInverse aTGCILCOOFull_E2_P1 7
Observable  deltageL_ILC_OO_E2_P1          delgZeL         #delta{g_{L}^{e}}         1. -1. MCMC weight  0.  1.  0.
Observable  deltageR_ILC_OO_E2_P1          delgZeR         #delta{g_{R}^{e}}         1. -1. MCMC weight  0.  1.  0.
Observable  deltaUev_ILC_OO_E2_P1          deltaUWeve      #delta{U_{{#nu}e}}        1. -1. MCMC weight  0.  1.  0.
Observable  deltaMW_ILC_OO_E2_P1           deltaMW         #delta{M_{W}}             1. -1. MCMC weight  0.  1.  0.
Observable  deltag1Z_ILC_OO_E2_P1          deltag1Z        #delta{g_{1,Z}}           1. -1. MCMC weight  0.  1.  0.
Observable  deltaKgamma_ILC_OO_E2_P1       deltaKgamma     #delta#kappa_{#gamma}     1. -1. MCMC weight  0.  1.  0.
Observable  lambdaZ_ILC_OO_E2_P1           lambdaZ         #lamdba_{Z}               1. -1. MCMC weight  0.  1.  0.
17732584.	747850.		17148082.	2047447.	-4547685.	-1939396.	-2438844.
747850.		7506346.	485987.		-37618.3	1555070.	-1657244.	32611.5
17148082.	485987.		16588688.	1983912.	-4453082.	-1825511.	-2364671.
2047447.	-37618.3	1983912.	1135261.	-554102.	-190397.	-282868.
-4547685.	1555070.	-4453082.	-554102.	1574450.	129210.		657060.
-1939396.	-1657244.	-1825511.	-190397.	129210.		559386.		180812.
-2438844.	32611.5		-2364671.	-282868.	657060.		180812.		2099840.
######################################################################
# Inverse Covariance with rate information (efficiency 0.4)
# 14186067.	598280.		13718465.	1637958.	-3638148.	-1551517.	-1951075.
# 598280.		6005077.	388789.		-30094.6	1244056.	-1325795.	26089.2
# 13718465.	388789.		13270950.	1587130.	-3562465.	-1460409.	-1891737.
# 1637958.	-30094.6	1587130.	908209.		-443282.	-152318.	-226294.
# -3638148.	1244056.	-3562465.	-443282.	1259560.	103368.		525648.
# -1551517.	-1325795.	-1460409.	-152318.	103368.		447509.		144650.
# -1951075.	26089.2		-1891737.	-226294.	525648.		144650.		1679872.
######################################################################

