######################################################################
#--  ILC aTGC: Using Optimal observables analysis (Full)  --
# This is for 250 GeV (+/-80%,-/+30%)
#
ObservablesWithCovarianceInverse aTGCILCOOFull_E1_P1 7
Observable  deltageL_ILC_OO_E1_P1          delgZeL         #delta{g_{L}^{e}}         1. -1. MCMC weight  0.  1.  0.
Observable  deltageR_ILC_OO_E1_P1          delgZeR         #delta{g_{R}^{e}}         1. -1. MCMC weight  0.  1.  0.
Observable  deltaUev_ILC_OO_E1_P1          deltaUWeve      #delta{U_{{#nu}e}}        1. -1. MCMC weight  0.  1.  0.
Observable  deltaMW_ILC_OO_E1_P1           deltaMW         #delta{M_{W}}             1. -1. MCMC weight  0.  1.  0.
Observable  deltag1Z_ILC_OO_E1_P1          deltag1Z        #delta{g_{1,Z}}           1. -1. MCMC weight  0.  1.  0.
Observable  deltaKgamma_ILC_OO_E1_P1       deltaKgamma     #delta#kappa_{#gamma}     1. -1. MCMC weight  0.  1.  0.
Observable  lambdaZ_ILC_OO_E1_P1           lambdaZ         #lamdba_{Z}               1. -1. MCMC weight  0.  1.  0.
72901095.	4417119.	68091086.	20235593.	-18381854.	-6528595.	-12487671.
4417119.	76429993.	-610020.	-1384564.	16685385.	-13674227.	670324.
68091086.	-610020.	63895374.	19063478.	-18275450.	-5272520.	-11753703.
20235593.	-1384564.	19063478.	18293173.	-5712250.	-1293771.	-3695444.
-18381854.	16685385.	-18275450.	-5712250.	8794397.	-1457127.	3482497.
-6528595.	-13674227.	-5272520.	-1293771.	-1457127.	2969247.	671176.
-12487671.	670324.		-11753703.	-3695444.	3482497.	671176.		6570190.
######################################################################
# Inverse Covariance with rate information (efficiency 0.4)
# 58320876.	3533696.	54472868.	16188474.	-14705483.	-5222876.	-9990136.
# 3533696.	61143994.	-488016.	-1107652.	13348308.	-10939382.	536259.
# 54472868.	-488016.	51116300.	15250783.	-14620360.	-4218016.	-9402962.
# 16188474.	-1107652.	15250783.	14634539.	-4569800.	-1035017.	-2956355.
# -14705483.	13348308.	-14620360.	-4569800.	7035518.	-1165702.	2785998.
# -5222876.	-10939382.	-4218016.	-1035017.	-1165702.	2375398.	536941.
# -9990136.	536259.		-9402962.	-2956355.	2785998.	536941.		5256152.
######################################################################

