######################################################################
# Model Parameters
#               name        ave         errg        errf
#---------------------------------------------------------------------
#
CorrelatedGaussianParameters   DMFF_Kst 17
ModelParameter	a_0f	 0.0415	    0.0021	    0.
ModelParameter  a_1f    -0.0764	    0.0346	    0.
ModelParameter  a_2f	 0.0506	    0.1043	    0.
ModelParameter	a_0g	 0.0624	    0.0043	    0.
ModelParameter	a_1g	-0.1271	    0.0559	    0.
ModelParameter	a_2g	 0.0479	    0.1673	    0.
ModelParameter	a_1F1	-0.0151	    0.0139	    0.
ModelParameter	a_2F1	-0.0322	    0.0676	    0.
ModelParameter	a_1F2	-0.1904	    0.0655	    0.
ModelParameter	a_2F2	 0.0357	    0.1889	    0.
ModelParameter  a_0T1	 0.0034	    0.0002	    0.
ModelParameter  a_1T1	-0.0077	    0.0036	    0.
ModelParameter  a_2T1	 0.0011	    0.0110	    0.
ModelParameter  a_1T2	-0.0033	    0.0018	    0.
ModelParameter  a_2T2	-0.0003	    0.0060      0.
ModelParameter  a_1T0	-0.0007	    0.0034	    0.
ModelParameter  a_2T0	-0.0112	    0.0118	    0.
1.      -0.7088  0.6010  0.0042 -0.0438  0.0380 -0.5224  0.2815 -0.0785  0.0819  0.0317 -0.0583  0.0534 -0.0583  0.0501 -0.0420  0.0297
-0.7088  1.     -0.9569  0.0268  0.3051 -0.2668  0.6214 -0.3973  0.2139 -0.1710 -0.1268  0.3968 -0.3795  0.4374 -0.3798  0.3026 -0.2257
0.6010  -0.9569  1.     -0.0193 -0.2545  0.2206 -0.6849  0.5264 -0.1901  0.1639  0.1077 -0.3337  0.3198 -0.3680  0.3205 -0.2525  0.1888
0.0042   0.0268 -0.0193  1.     -0.6912  0.5207  0.0092 -0.0087  0.0311 -0.0283  0.0088  0.0231 -0.0235  0.0407 -0.0353  0.0200 -0.0085
-0.0438  0.3051 -0.2545 -0.6912  1.     -0.9507  0.0703 -0.0038  0.0691 -0.0394 -0.1025  0.3157 -0.3023  0.3389 -0.2945  0.2410 -0.1826
0.0380  -0.2668  0.2206  0.5207 -0.9507  1.     -0.0619  0.0012 -0.0636  0.0373  0.0894 -0.2785  0.2671 -0.2987  0.2593 -0.2122  0.1594
-0.5224  0.6214 -0.6849  0.0092  0.0703 -0.0619  1.     -0.9296  0.2120 -0.2137 -0.0369  0.1011 -0.0972  0.1143 -0.0999  0.1016 -0.0767
0.2815  -0.3973  0.5264 -0.0087 -0.0038  0.0012 -0.9296  1.     -0.0868  0.1284  0.0085 -0.0221  0.0217 -0.0296  0.0274 -0.0302  0.0221
-0.0785  0.2139 -0.1901  0.0311  0.0691 -0.0636  0.2120 -0.0868  1.     -0.8826 -0.0371  0.1100 -0.1041  0.1249 -0.1075  0.1086 -0.0833
0.0819  -0.1710  0.1639 -0.0283 -0.0394  0.0373 -0.2137  0.1284 -0.8826  1.      0.0237 -0.0715  0.0675 -0.0872  0.0748 -0.0907  0.0723
0.0317  -0.1268  0.1077  0.0088 -0.1025  0.0894 -0.0369  0.0085 -0.0371  0.0237  1.     -0.7953  0.6943 -0.2588  0.2282 -0.1922  0.1501
-0.0583  0.3968 -0.3337  0.0231  0.3157 -0.2785  0.1011 -0.0221  0.1100 -0.0715 -0.7953  1.     -0.9760  0.6518 -0.6061  0.4012 -0.3078
0.0534  -0.3795  0.3198 -0.0235 -0.3023  0.2671 -0.0972  0.0217 -0.1041  0.0675  0.6943 -0.9760  1.     -0.6541  0.6190 -0.3843  0.2962
-0.0583  0.4374 -0.3680  0.0407  0.3389 -0.2987  0.1143 -0.0296  0.1249 -0.0872 -0.2588  0.6518 -0.6541  1.     -0.9678  0.6688 -0.5187
0.0501  -0.3798  0.3205 -0.0353 -0.2945  0.2593 -0.0999  0.0274 -0.1075  0.0748  0.2282 -0.6061  0.6190 -0.9678  1.     -0.5711  0.4420
-0.0420  0.3026 -0.2525  0.0200  0.2410 -0.2122  0.1016 -0.0302  0.1086 -0.0907 -0.1922  0.4012 -0.3843  0.6688 -0.5711  1.     -0.9630
0.0297  -0.2257  0.1888 -0.0085 -0.1826  0.1594 -0.0767  0.0221 -0.0833  0.0723  0.1501 -0.3078  0.2962 -0.5187  0.4420 -0.9630  1. 
#
ModelParameter  MRf      5.82873    0.          0.
ModelParameter  MRg      5.4154     0.          0.
ModelParameter  MRF1     5.82873    0.          0.
ModelParameter  MRF2     5.366      0.          0.
ModelParameter  MRT0     5.82873    0.          0.
ModelParameter  MRT1     5.4154     0.          0.
ModelParameter  MRT2     5.82873    0.          0.
#
ModelParameter  Chi1minus   0.000623174575   0.     0.
ModelParameter  Chi1plus    0.000543940610   0.     0.
ModelParameter  Chi0plus    0.0142           0.     0.
ModelParameter  Chi0minus   0.0138586514     0.     0.
ModelParameter  ChiTT       0.0454644444     0.     0.
ModelParameter  ChiBB       0.0423069792     0.     0.
#
CorrelatedGaussianParameters   DMFF_PHI 17
ModelParameter	a_0fphi	    0.0332	    0.0014	    0.
ModelParameter  a_1fphi	   -0.0728	    0.0531	    0.
ModelParameter  a_2fphi	   -0.0217	    0.5554	    0.
ModelParameter	a_0gphi	    0.0528	    0.0035	    0.
ModelParameter	a_1gphi	   -0.1562	    0.1065	    0.
ModelParameter	a_2gphi	   -0.0030	    0.5619	    0.
ModelParameter	a_1F1phi   -0.0030	    0.0188	    0.
ModelParameter	a_2F1phi   -0.0240	    0.1793	    0.
ModelParameter	a_1F2phi   -0.1433	    0.1481	    0.
ModelParameter	a_2F2phi   -0.0120	    0.5575	    0.
ModelParameter  a_0T1phi	0.0027	    0.0006	    0.
ModelParameter  a_1T1phi   -0.0026	    0.0260	    0.
ModelParameter  a_2T1phi   -0.0591	    0.2961	    0.
ModelParameter  a_1T2phi   -0.0012	    0.0132	    0.
ModelParameter  a_2T2phi   -0.0297	    0.1614	    0.
ModelParameter  a_1T0phi   -0.0070	    0.0244      0.
ModelParameter  a_2T0phi	0.0549	    0.3210	    0.
1.      -0.7444  0.6671  0.1122 -0.1633  0.1084 -0.6585  0.4897 -0.0849  0.0110  0.1170 -0.1812  0.1416 -0.1872  0.1422 -0.1416  0.1053
-0.7444  1.     -0.9268 -0.1835  0.3168 -0.1977  0.5716 -0.3873  0.1817 -0.0533 -0.2393  0.3996 -0.3195  0.4037 -0.3033  0.3079 -0.2287
0.6671  -0.9268  1.      0.1044 -0.1754  0.1151 -0.6332  0.5236 -0.0443 -0.0239  0.1298 -0.2080  0.1636 -0.2124  0.1592 -0.1647  0.1242
0.1122  -0.1835  0.1044  1.     -0.7665  0.6586 -0.0551 -0.0042 -0.1040  0.0569  0.1132 -0.1846  0.1499 -0.1755  0.1288 -0.1330  0.0953
-0.1633  0.3168 -0.1754 -0.7665  1.     -0.9492  0.0674  0.0298  0.1527 -0.0661 -0.2026  0.3443 -0.2804  0.3398 -0.2556  0.2548 -0.1873
0.1084  -0.1977  0.1151  0.6586 -0.9492  1.     -0.0456 -0.0151 -0.0989  0.0491  0.1212 -0.2023  0.1643 -0.2002  0.1513 -0.1481  0.1089
-0.6585  0.5716 -0.6332 -0.0551  0.0674 -0.0456  1.     -0.9492 -0.0325  0.0713 -0.0533  0.0704 -0.0542  0.0702 -0.0538  0.0535 -0.0402
0.4897  -0.3873  0.5236 -0.0042  0.0298 -0.0151 -0.9492  1.      0.2382 -0.2083 -0.0191  0.0501 -0.0428  0.0517 -0.0387  0.0434 -0.0309
-0.0849  0.1817 -0.0443 -0.1040  0.1527 -0.0989 -0.0325  0.2382  1.     -0.9281 -0.1121  0.1794 -0.1461  0.1714 -0.1257  0.1390 -0.0986
0.0110  -0.0533 -0.0239  0.0569 -0.0661  0.0491  0.0713 -0.2083 -0.9281  1.      0.0439 -0.0601  0.0485 -0.0500  0.0330 -0.0414  0.0257
0.1170  -0.2393  0.1298  0.1132 -0.2026  0.1212 -0.0533 -0.0191 -0.1121  0.0439  1.     -0.7377  0.6687 -0.4826  0.4154 -0.3089  0.2498
-0.1812  0.3996 -0.2080 -0.1846  0.3443 -0.2023  0.0704  0.0501  0.1794 -0.0601 -0.7377  1.     -0.9735  0.8157 -0.7102  0.4734 -0.3753
0.1416  -0.3195  0.1636  0.1499 -0.2804  0.1643 -0.0542 -0.0428 -0.1461  0.0485  0.6687 -0.9735  1.     -0.7435  0.6612 -0.4114  0.3313
-0.1872  0.4037 -0.2124 -0.1755  0.3398 -0.2002  0.0702  0.0517  0.1714 -0.0500 -0.4826  0.8157 -0.7435  1.     -0.9631  0.5791 -0.4732
0.1422  -0.3033  0.1592  0.1288 -0.2556  0.1513 -0.0538 -0.0387 -0.1257  0.0330  0.4154 -0.7102  0.6612 -0.9631  1.     -0.4827  0.4003
-0.1416  0.3079 -0.1647 -0.1330  0.2548 -0.1481  0.0535  0.0434  0.1390 -0.0414 -0.3089  0.4734 -0.4114  0.5791 -0.4827  1.     -0.9732
0.1053  -0.2287  0.1242  0.0953 -0.1873  0.1089 -0.0402 -0.0309 -0.0986  0.0257  0.2498 -0.3753  0.3313 -0.4732  0.4003 -0.9732  1.
#
CorrelatedGaussianParameters DMFF_K 8
ModelParameter	b_0_fplus 	0.0305	    0.0005	    0.
ModelParameter	b_1_fplus  -0.0320	    0.0083	    0.
ModelParameter	b_2_fplus  -0.0726	    0.0266	    0.
ModelParameter	b_1_f0	   -0.4543	    0.0343	    0.
ModelParameter	b_2_f0	    0.2889	    0.1067	    0.
ModelParameter	b_0_fT	    0.0056	    0.0001	    0.
ModelParameter	b_1_fT	   -0.0011	    0.0023	    0.
ModelParameter	b_2_fT	   -0.0208	    0.0091 	    0.
1.      -0.7186  0.5519 -0.0191  0.0347  0.0003 -0.0041  0.0059
-0.7186  1.     -0.9684  0.0726 -0.1293 -0.0028 -0.0030  0.0010 
0.5519  -0.9684  1.     -0.1158  0.2028  0.0041  0.0036 -0.0019
-0.0191  0.0726 -0.1158  1.     -0.9625 -0.0132  0.0159 -0.0122
0.0347  -0.1293  0.2028 -0.9625  1.      0.0168 -0.0180  0.0142
0.0003  -0.0028  0.0041 -0.0132  0.0168  1.     -0.6210  0.3818
-0.0041 -0.0030  0.0036  0.0159 -0.0180 -0.6210  1.     -0.9256
0.0059   0.0010 -0.0019 -0.0122  0.0142  0.3818 -0.9256  1.    
#
ModelParameter  m_fit_fplus_lat   5.4154       0.          0.
ModelParameter  m_fit_fT_lat      5.4154       0.          0.
###
######################################################################
