######################################################################
#
# Last update: Nov 16, 2024
#
#--  FCCee aTGC: Using Optimal observables analysis (Full)  --
# This is for 240 GeV
#
ObservablesWithCovarianceInverse OptOobsFullFCCee2404IP 6
Observable  deltag1Z_OO_FCCee2404IP          deltag1Z        #delta{g_{1,Z}}           1. -1. MCMC weight  0.  1.  0.
Observable  deltaKgamma_OO_FCCee2404IP       deltaKgamma     #delta#kappa_{#gamma}     1. -1. MCMC weight  0.  1.  0.
Observable  lambdaZ_OO_FCCee2404IP           lambdaZ         #lamdba_{Z}               1. -1. MCMC weight  0.  1.  0.
Observable  deltageL_OO_FCCee2404IP          delgZeL         #delta{g_{L}^{e}}         1. -1. MCMC weight  0.  1.  0.
Observable  deltageR_OO_FCCee2404IP          delgZeR         #delta{g_{R}^{e}}         1. -1. MCMC weight  0.  1.  0.
Observable  deltaUev_OO_FCCee2404IP          deltaUWeve      #delta{U_{{#nu}e}}        1. -1. MCMC weight  0.  1.  0.
8898929.   1356786.   5561108.   -28415071.   4590765.   -26850596.
1356786.   2238777.   1184810.   -11535084.   -8249652.   -10449519.
5561108.   1184810.   11371683.   -20372708.   -822127.   -19071427.
-28415071.   -11535084.   -20372708.   117441623.   17997229.   108107427.
4590765.   -8249652.   -822127.   17997229.   42919274.   14401180.
-26850596.   -10449519.   -19071427.   108107427.   14401180.   104704679.
#
#
##################################################
 
CorrelatedGaussianObservables BRWleptFCCee2404IP 3
Observable  BrWelectron_FCCee2404IP BrWelectron BR_{We#nu}     1. -1. MCMC weight 0.1083790594484527 0.0000659215 0.
Observable  BrWmuon_FCCee2404IP BrWmuon     BR_{W#mu#nu}     1. -1. MCMC weight 0.1083790594484527 0.0000659215 0.
Observable  BrWtau_FCCee2404IP BrWtau      BR_{W#tau#nu}     1. -1. MCMC weight 0.1083790594484527 0.0000659215 0.
1.   -0.121553   -0.121553
-0.121553   1.   -0.121553
-0.121553   -0.121553   1.
