#######################
##
##    B -> D l nu (e,mu) 
##
#########################
#### BELLE 1510.03657 ###
CorrelatedGaussianObservables MPLNUBELLE 10
BinnedObservable    Gammaw_MPlnu_1      Gammaw_MPlnu        Gammaw       1.   -1.   MCMC   weight  0.680e-15   2.15870e-16    0.   1.00   1.06
BinnedObservable    Gammaw_MPlnu_2      Gammaw_MPlnu        Gammaw       1.   -1.   MCMC   weight  3.880e-15   4.20476e-16    0.   1.06   1.12
BinnedObservable    Gammaw_MPlnu_3      Gammaw_MPlnu        Gammaw       1.   -1.   MCMC   weight  7.590e-15   6.10328e-16    0.   1.12   1.18
BinnedObservable    Gammaw_MPlnu_4      Gammaw_MPlnu        Gammaw       1.   -1.   MCMC   weight  11.42e-15   7.92465e-16    0.   1.18   1.24
BinnedObservable    Gammaw_MPlnu_5      Gammaw_MPlnu        Gammaw       1.   -1.   MCMC   weight  14.59e-15   9.41116e-16    0.   1.24   1.30
BinnedObservable    Gammaw_MPlnu_6      Gammaw_MPlnu        Gammaw       1.   -1.   MCMC   weight  19.49e-15   1.14202e-15    0.   1.30   1.36
BinnedObservable    Gammaw_MPlnu_7      Gammaw_MPlnu        Gammaw       1.   -1.   MCMC   weight  23.66e-15   1.33701e-15    0.   1.36   1.42
BinnedObservable    Gammaw_MPlnu_8      Gammaw_MPlnu        Gammaw       1.   -1.   MCMC   weight  27.56e-15   1.49566e-15    0.   1.42   1.48
BinnedObservable    Gammaw_MPlnu_9      Gammaw_MPlnu        Gammaw       1.   -1.   MCMC   weight  29.52e-15   1.56064e-15    0.   1.48   1.54
BinnedObservable    Gammaw_MPlnu_10     Gammaw_MPlnu        Gammaw       1.   -1.   MCMC   weight  33.37e-15   1.72905e-15    0.   1.54   1.59055
1.000000  0.0676227 0.089923  0.104642  0.111061  0.121074  0.126533  0.127445  0.120916  0.112525
0.0676227 1.000000  0.2396    0.284122  0.304131  0.331564  0.342338  0.349322  0.342937  0.33424
0.089923  0.2396    1.000000  0.387251  0.414981  0.452386  0.466615  0.477201  0.472199  0.462174
0.104642  0.284122  0.387251  1.000000  0.4961    0.539178  0.555017  0.567036  0.562263  0.552135
0.111061  0.304131  0.414981  0.4961    1.000000  0.581881  0.598377  0.613215  0.611891  0.605519
0.121074  0.331564  0.452386  0.539178  0.581881  1.000000  0.652959  0.670523  0.669813  0.660864
0.126533  0.342338  0.466615  0.555017  0.598377  0.652959  1.000000  0.695106  0.692992  0.679484
0.127445  0.349322  0.477201  0.567036  0.613215  0.670523  0.695106  1.000000  0.723243  0.713068
0.120916  0.342937  0.472199  0.562263  0.611891  0.669813  0.692992  0.723243  1.000000  0.733707
0.112525  0.33424   0.462174  0.552135  0.605519  0.660864  0.679484  0.713068  0.733707  1.000000
#### BABAR 0904.4063 ###
#### Charged B+ only ###
CorrelatedGaussianObservables MPLNUBABAR 10
BinnedObservable    Gammaw_MPlnu_1_BB      Gammaw_MPlnu        Gammaw       1.   -1.   MCMC   weight  0.729655e-15  0.305957e-15   0.   1.00   1.06
BinnedObservable    Gammaw_MPlnu_2_BB      Gammaw_MPlnu        Gammaw       1.   -1.   MCMC   weight  4.56537e-15   0.816706e-15   0.   1.06   1.12
BinnedObservable    Gammaw_MPlnu_3_BB      Gammaw_MPlnu        Gammaw       1.   -1.   MCMC   weight  6.40624e-15   1.11751e-15    0.   1.12   1.18
BinnedObservable    Gammaw_MPlnu_4_BB      Gammaw_MPlnu        Gammaw       1.   -1.   MCMC   weight  10.9917e-15   1.32661e-15    0.   1.18   1.24
BinnedObservable    Gammaw_MPlnu_5_BB      Gammaw_MPlnu        Gammaw       1.   -1.   MCMC   weight  14.9345e-15   1.55414e-15    0.   1.24   1.30
BinnedObservable    Gammaw_MPlnu_6_BB      Gammaw_MPlnu        Gammaw       1.   -1.   MCMC   weight  17.6456e-15   1.70736e-15    0.   1.30   1.36
BinnedObservable    Gammaw_MPlnu_7_BB      Gammaw_MPlnu        Gammaw       1.   -1.   MCMC   weight  21.5014e-15   2.07426e-15    0.   1.36   1.42
BinnedObservable    Gammaw_MPlnu_8_BB      Gammaw_MPlnu        Gammaw       1.   -1.   MCMC   weight  27.9478e-15   2.23892e-15    0.   1.42   1.48
BinnedObservable    Gammaw_MPlnu_9_BB      Gammaw_MPlnu        Gammaw       1.   -1.   MCMC   weight  29.6146e-15   2.45158e-15    0.   1.48   1.54
BinnedObservable    Gammaw_MPlnu_10_BB     Gammaw_MPlnu        Gammaw       1.   -1.   MCMC   weight  27.0334e-15   2.46437e-15    0.   1.54   1.58901
1.00    0.60     0.56     0.50     0.51     0.43     0.38     0.29     0.20     0.14
0.60    1.00     0.52     0.47     0.47     0.40     0.35     0.27     0.19     0.13
0.56    0.52     1.00     0.44     0.44     0.38     0.33     0.26     0.18     0.12
0.50    0.47     0.44     1.00     0.40     0.34     0.30     0.23     0.16     0.11
0.51    0.47     0.44     0.40     1.00     0.34     0.30     0.23     0.16     0.11
0.43    0.40     0.38     0.34     0.34     1.00     0.25     0.20     0.14     0.09
0.38    0.35     0.33     0.30     0.30     0.25     1.00     0.17     0.12     0.08
0.29    0.27     0.26     0.23     0.23     0.20     0.17     1.00     0.09     0.06
0.20    0.19     0.18     0.16     0.16     0.14     0.12     0.09     1.00     0.04
0.14    0.13     0.12     0.11     0.11     0.09     0.08     0.06     0.04     1.00
#######################################
##
##    B -> D(*) l nu (e,mu) constraints
##
#######################################
Observable   AbsVcb             Vcb               AbsVcb             1.   -1.   noMCMC   writeChain
