######################################################################
# Model Parameters
#               name        ave         errg        errf
#---------------------------------------------------------------------
#
CorrelatedGaussianParameters   LCSRFF 19
ModelParameter	a_0A0	0.369196	0.0289419	0.
ModelParameter	a_1A0   -1.36584     	0.256849	0.
ModelParameter	a_2A0	0.128191	1.63438     	0.
ModelParameter	a_0A1	0.29725     	0.026356	0.
ModelParameter	a_1A1	0.392378	0.187894	0.
ModelParameter	a_2A1	1.18916     	1.02531     	0.
ModelParameter	a_1A12	0.533638	0.128772	0.
ModelParameter	a_2A12	0.483166	0.656273	0.
ModelParameter	a_0T1	0.312055	0.027496	0.
ModelParameter	a_1T1   -1.00893     	0.189575	0.
ModelParameter	a_2T1	1.5272      	1.63965     	0.
ModelParameter	a_1T2	0.496846	0.166219	0.
ModelParameter	a_2T2	1.61431     	0.803783	0.
ModelParameter	a_0T23	0.667412	0.0633333	0.
ModelParameter	a_1T23	1.31812     	0.222129	0.
ModelParameter	a_2T23	3.82334     	2.20338     	0.
ModelParameter	a_0V     0.376313	0.0332944	0.
ModelParameter	a_1V    -1.16597     	0.261268	0.
ModelParameter	a_2V     2.42443     	1.53102     	0.
1.          	0.633689	0.0575305	0.0615373	0.169044	0.240647	0.609495	0.0355029	0.0164883	0.0452644  -0.158457	0.150264	0.0311554	0.451075	0.104911   -0.347452	0.0393316	0.178168	0.195421
0.633689	1.          0.486314	0.300568	0.472167	0.321569	0.756564	0.46913     0.241261	0.448732   -0.182566	0.495428	0.181197	0.573536	0.53356    -0.19402     0.280475	0.553833	0.0752289
0.0575305	0.486314	1.          0.515475	0.743538	0.661689	0.326536	0.665149	0.475401	0.674459   -0.125613	0.701034	0.273928	0.663092	0.426721   -0.318126	0.545574	0.731129	0.00860747
0.0615373	0.300568	0.515475	1.          0.702494	0.153604	0.0105278	0.205325	0.899902	0.68101    -0.468536	0.692637   -0.202092	0.564524	0.30614    -0.362387	0.922982	0.731071   -0.35833
0.169044	0.472167	0.743538	0.702494	1.          0.747682	0.284455	0.480939	0.630965	0.760031   -0.373063	0.915195	0.226359	0.695868	0.457217   -0.440385	0.678427	0.862475   -0.0633373
0.240647	0.321569	0.661689	0.153604	0.747682	1.          0.316222	0.535592	0.135433	0.400555   -0.127614	0.59715     0.402339	0.553618	0.252273   -0.40495     0.194572	0.517205	0.253395
0.609495	0.756564	0.326536	0.0105278	0.284455	0.316222	1.          0.700096   -0.0243359	0.234436   -0.0609604	0.28577     0.248484	0.386552	0.537224   -0.0377692  -0.0140921	0.350603	0.234661
0.0355029	0.46913     0.665149	0.205325	0.480939	0.535592	0.700096	1.          0.173373	0.402833   -0.0779755	0.422339	0.253397	0.403006	0.571118   -0.0276853	0.196602	0.485841	0.139392
0.0164883	0.241261	0.475401	0.899902	0.630965	0.135433   -0.0243359	0.173373	1.          0.713877   -0.473872	0.686349   -0.229853	0.515437	0.236189   -0.310316	0.901557	0.709376   -0.354268
0.0452644	0.448732	0.674459	0.68101     0.760031	0.400555	0.234436	0.402833	0.713877	1.          0.00093065	0.881232	0.365115	0.601021	0.427022   -0.210129	0.716437	0.906137   -0.0783557
-0.158457  -0.182566   -0.125613   -0.468536   -0.373063   -0.127614   -0.0609604  -0.0779755  -0.473872	0.00093065	1.         -0.239308	0.626511   -0.27088    -0.105814	0.447129   -0.400738   -0.236675	0.338328
0.150264	0.495428	0.701034	0.692637	0.915195	0.59715     0.28577     0.422339	0.686349	0.881232   -0.239308	1.          0.382807	0.658722	0.46875    -0.326765	0.702845	0.916209   -0.0541063
0.0311554	0.181197	0.273928   -0.202092	0.226359	0.402339	0.248484	0.253397   -0.229853	0.365115	0.626511	0.382807	1.          0.0969361	0.216438	0.27039    -0.147198	0.261192	0.38493
0.451075	0.573536	0.663092	0.564524	0.695868	0.553618	0.386552	0.403006	0.515437	0.601021   -0.27088     0.658722	0.0969361	1.          0.327243   -0.711856	0.573778	0.70266     0.016202
0.104911	0.53356     0.426721	0.30614     0.457217	0.252273	0.537224	0.571118	0.236189	0.427022   -0.105814	0.46875     0.216438	0.327243	1.          0.287454	0.277866	0.480664	0.0000
-0.347452  -0.19402	   -0.318126   -0.362387   -0.440385   -0.40495	   -0.0377692  -0.0276853  -0.310316   -0.210129	0.447129   -0.326765	0.27039    -0.711856	0.287454	1.         -0.360324   -0.355976	0.0569126
0.0393316	0.280475	0.545574	0.922982	0.678427	0.194572   -0.0140921	0.196602	0.901557	0.716437   -0.400738	0.702845   -0.147198	0.573778	0.277866   -0.360324	1.          0.757379   -0.397005
0.178168	0.553833	0.731129	0.731071	0.862475	0.517205	0.350603	0.485841	0.709376	0.906137   -0.236675	0.916209	0.261192	0.70266     0.480664   -0.355976	0.757379	1.          0.0346143
0.195421	0.0752289	0.00860747 -0.35833	   -0.0633373	0.253395	0.234661	0.139392   -0.354268   -0.0783557	0.338328   -0.0541063	0.38493     0.016202	0.0000      0.0569126  -0.397005	0.0346143	1.
#
ModelParameter  MRA0        5.366       0.    0.
ModelParameter  MRA1        5.829       0.    0.
ModelParameter  MRA12       5.829       0.    0.
ModelParameter  MRT1        5.415       0.    0.
ModelParameter  MRT2        5.829       0.    0.
ModelParameter  MRT23       5.829       0.    0.
ModelParameter  MRV         5.415       0.    0.
#
ModelParameter  r_1_fplus      0       0.          0.
ModelParameter  r_2_fplus      0       0.          0.
ModelParameter  m_fit2_fplus   0       0.          0.
ModelParameter  r_1_fT         0       0.          0.
ModelParameter  r_2_fT         0       0.          0.
ModelParameter  m_fit2_fT      0       0.          0.
ModelParameter  r_2_f0         0       0.          0.
ModelParameter  m_fit2_f0      0       0.          0.
######################################################################
