########################################################################################################################
# Observables
# use one of the following formats:
# Observable  name th label min max (no)MCMC weight ave errg errf
# Observable  name th label min max (no)MCMC file filename histoname
# Observable  name th label min max  noMCMC  noweight
#
# BinnedObservables:
# use one of the following formats:
# BinnedObservable  name th label min max (no)MCMC weight ave errg errf bin_min bin_max
# BinnedObservable  name th label min max (no)MCMC file filename histoname bin_min bin_max
# BinnedObservable  name th label min max  noMCMC  noweight bin_min bin_max
#
# Observables2D
# use one of the following formats:
# Observable2D  name th1 label1 min1 max1 noMCMC noweight th2 label2 min2 max2
# Observable2D  name th1 label1 min1 max1 MCMC file filename histoname th2 label2 min2 max2
#
# The keyword "CorrelatedGaussianObservables name Nobs" initializes a set
# of Nobs correlated observables. It must be followed by exactly Nobs
# Observable lines and then by Nobs lines of Nobs numbers (the corr matrix).
#---------------------------------------------------------------------
########################################################################################################################
CorrelatedGaussianObservables MPLNUFFHPQCD 6
BinnedObservable    FFP_1_HPQCD      FFplus_MPlnu        fplus      1.   -1.   MCMC   weight  1.178   0.046    0.   0.   1.
BinnedObservable    FFP_2_HPQCD      FFplus_MPlnu        fplus      1.   -1.   MCMC   weight  1.082   0.041    0.   0.   1.08
BinnedObservable    FFP_3_HPQCD      FFplus_MPlnu        fplus      1.   -1.   MCMC   weight  0.996   0.037    0.   0.   1.16
BinnedObservable    FF0_1_HPQCD      FF0_MPlnu           f0         1.   -1.   MCMC   weight  0.902   0.041    0.   0.   1.
BinnedObservable    FF0_2_HPQCD      FF0_MPlnu           f0         1.   -1.   MCMC   weight  0.860   0.038    0.   0.   1.08
BinnedObservable    FF0_3_HPQCD      FF0_MPlnu           f0         1.   -1.   MCMC   weight  0.821   0.036    0.   0.   1.16
1.000 0.989 0.954 0.507 0.518 0.525
0.989 1.000 0.988 0.582 0.600 0.615
0.954 0.988 1.000 0.650 0.676 0.698
0.507 0.582 0.650 1.000 0.995 0.980
0.518 0.600 0.676 0.995 1.000 0.995
0.525 0.615 0.698 0.980 0.995 1.000
#########################################################################################################################
CorrelatedGaussianObservables MPLNFFFLN 6
BinnedObservable    FFP_1_FLN      FFplus_MPlnu        fplus      1.   -1.   MCMC   weight  1.1994   0.0095    0.   0.   1.
BinnedObservable    FFP_2_FLN      FFplus_MPlnu        fplus      1.   -1.   MCMC   weight  1.0941   0.0104    0.   0.   1.08
BinnedObservable    FFP_3_FLN      FFplus_MPlnu        fplus      1.   -1.   MCMC   weight  1.0047   0.0123    0.   0.   1.16
BinnedObservable    FF0_1_FLN      FF0_MPlnu           f0         1.   -1.   MCMC   weight  0.9026   0.0072    0.   0.   1.
BinnedObservable    FF0_2_FLN      FF0_MPlnu           f0         1.   -1.   MCMC   weight  0.8609   0.0077    0.   0.   1.08
BinnedObservable    FF0_3_FLN      FF0_MPlnu           f0         1.   -1.   MCMC   weight  0.8254   0.0094    0.   0.   1.16
1.0000 0.9674 0.8812 0.8290 0.8533 0.8032
0.9674 1.0000 0.9523 0.8241 0.8992 0.8856
0.8812 0.9523 1.0000 0.7892 0.8900 0.9530
0.8290 0.8241 0.7892 1.0000 0.9650 0.8682
0.8533 0.8992 0.8900 0.9650 1.0000 0.9519
0.8032 0.8856 0.9530 0.8682 0.9519 1.0000
#########################################################################################################################
Observable  fplusz0            fplusz0           fplusz0           1.   -1.   noMCMC   writeChain
Observable  rho1to2            rho1to2           rho1to2           1.   -1.   noMCMC   writeChain
########################################################################################################################
Observable  RD_MPlnu           RD_MPlnu          RD                1.   -1.   noMCMC   writeChain
#########################################################################################################################
