#######################
##
##    B -> D l nu (e,mu) 
##
#########################
#### BELLE 1510.03657 ###
CorrelatedGaussianObservables MPLNUBELLE 10
BinnedObservable    Gammaw_MPlnu_1      Gammaw_MPlnu        Gammaw       1.   -1.   MCMC   weight  0.680e-15   2.15870e-16    0.   1.00   1.06
BinnedObservable    Gammaw_MPlnu_2      Gammaw_MPlnu        Gammaw       1.   -1.   MCMC   weight  3.880e-15   4.20476e-16    0.   1.06   1.12
BinnedObservable    Gammaw_MPlnu_3      Gammaw_MPlnu        Gammaw       1.   -1.   MCMC   weight  7.590e-15   6.10328e-16    0.   1.12   1.18
BinnedObservable    Gammaw_MPlnu_4      Gammaw_MPlnu        Gammaw       1.   -1.   MCMC   weight  11.42e-15   7.92465e-16    0.   1.18   1.24
BinnedObservable    Gammaw_MPlnu_5      Gammaw_MPlnu        Gammaw       1.   -1.   MCMC   weight  14.59e-15   9.41116e-16    0.   1.24   1.30
BinnedObservable    Gammaw_MPlnu_6      Gammaw_MPlnu        Gammaw       1.   -1.   MCMC   weight  19.49e-15   1.14202e-16    0.   1.30   1.36
BinnedObservable    Gammaw_MPlnu_7      Gammaw_MPlnu        Gammaw       1.   -1.   MCMC   weight  23.66e-15   1.33701e-16    0.   1.36   1.42
BinnedObservable    Gammaw_MPlnu_8      Gammaw_MPlnu        Gammaw       1.   -1.   MCMC   weight  27.56e-15   1.49566e-16    0.   1.42   1.48
BinnedObservable    Gammaw_MPlnu_9      Gammaw_MPlnu        Gammaw       1.   -1.   MCMC   weight  29.52e-15   1.56064e-16    0.   1.48   1.54
BinnedObservable    Gammaw_MPlnu_10     Gammaw_MPlnu        Gammaw       1.   -1.   MCMC   weight  33.37e-15   1.72905e-16    0.   1.54   1.5905
1.000000  0.0676227 0.089923  0.0999067 0.111061  0.121074  0.126533  0.127445  0.120916  0.112525
0.0676227 1.000000  0.2396    0.284122  0.304131  0.331564  0.342338  0.349322  0.342937  0.33424
0.089923  0.2396    1.000000  0.387251  0.414981  0.452386  0.466615  0.477201  0.472199  0.462174
0.0999067 0.284122  0.387251  1.000000  0.4961    0.539178  0.555017  0.567036  0.562263  0.552135
0.111061  0.304131  0.414981  0.4961    1.000000  0.581881  0.598377  0.613215  0.611891  0.605519
0.121074  0.331564  0.452386  0.539178  0.581881  1.000000  0.652959  0.670523  0.669813  0.660864
0.126533  0.342338  0.466615  0.555017  0.598377  0.652959  1.000000  0.695106  0.692992  0.679484
0.127445  0.349322  0.477201  0.567036  0.613215  0.670523  0.695106  1.000000  0.723243  0.713068
0.120916  0.342937  0.472199  0.562263  0.611891  0.669813  0.692992  0.723243  1.000000  0.733707
0.112525  0.33424   0.462174  0.552135  0.605519  0.660864  0.679484  0.713068  0.73370   1.000000
#######################################
##
##    B -> D(*) l nu (e,mu) constraints 
##
#######################################
Observable   AbsVcb             Vcb            AbsVcb             1.   -1.   noMCMC   writeChain
