######################################################################
#
# Last update: Nov 16, 2024
#
#--  FCCee aTGC: Using Optimal observables analysis (Full)  --
# This is for 161 GeV
#
ObservablesWithCovarianceInverse OptOobsFullFCCee1614IP 6
Observable  deltag1Z_OO_FCCee1614IP          deltag1Z        #delta{g_{1,Z}}           1. -1. MCMC weight  0.  1.  0.
Observable  deltaKgamma_OO_FCCee1614IP       deltaKgamma     #delta#kappa_{#gamma}     1. -1. MCMC weight  0.  1.  0.
Observable  lambdaZ_OO_FCCee1614IP           lambdaZ         #lamdba_{Z}               1. -1. MCMC weight  0.  1.  0.
Observable  deltageL_OO_FCCee1614IP          delgZeL         #delta{g_{L}^{e}}         1. -1. MCMC weight  0.  1.  0.
Observable  deltageR_OO_FCCee1614IP          delgZeR         #delta{g_{R}^{e}}         1. -1. MCMC weight  0.  1.  0.
Observable  deltaUev_OO_FCCee1614IP          deltaUWeve      #delta{U_{{#nu}e}}        1. -1. MCMC weight  0.  1.  0.
58375.3   7675.9   38700.1   -209838.   2014.86   -181938.
7675.9   1261.55   4030.81   -28594.1   -1038.96   -24519.9
38700.1   4030.81   47093.7   -139785.   50.7903   -125728.
-209838.   -28594.1   -139785.   758868.   429.686   657397.
2014.86   -1038.96   50.7903   429.686   9486.57   -961.224
-181938.   -24519.9   -125728.   657397.   -961.224   -467931.
#
#
##################################################
 
CorrelatedGaussianObservables BRWleptFCCee1614IP 3
Observable  BrWelectron_FCCee1614IP BrWelectron BR_{We#nu}     1. -1. MCMC weight 0.1083790594484527 0.0000438392 0.
Observable  BrWmuon_FCCee1614IP BrWmuon     BR_{W#mu#nu}     1. -1. MCMC weight 0.1083790594484527 0.0000438392 0.
Observable  BrWtau_FCCee1614IP BrWtau      BR_{W#tau#nu}     1. -1. MCMC weight 0.1083790594484527 0.0000438392 0.
1.   -0.121553   -0.121553
-0.121553   1.   -0.121553
-0.121553   -0.121553   1.
