######################################################################
#--  CEPC aTGC: Using Optimal observables analysis (Full)  --
#
ObservablesWithCovarianceInverse aTGCCEPCOoFull 7
Observable  deltageL_CEPC_OO          delgZeL         #delta{g_{L}^{e}}         1. -1. MCMC weight  0.  1.  0.
Observable  deltageR_CEPC_OO          delgZeR         #delta{g_{R}^{e}}         1. -1. MCMC weight  0.  1.  0.
Observable  deltaUev_CEPC_OO          deltaUWeve      #delta{U_{{#nu}e}}        1. -1. MCMC weight  0.  1.  0.
Observable  deltaMW_CEPC_OO           deltaMW         #delta{M_{W}}             1. -1. MCMC weight  0.  1.  0.
Observable  deltag1Z_CEPC_OO          deltag1Z        #delta{g_{1,Z}}           1. -1. MCMC weight  0.  1.  0.
Observable  deltaKgamma_CEPC_OO       deltaKgamma     #delta#kappa_{#gamma}     1. -1. MCMC weight  0.  1.  0.
Observable  lambdaZ_CEPC_OO           lambdaZ         #lamdba_{Z}               1. -1. MCMC weight  0.  1.  0.
165360591.	27587613.	152286612.	60696340.	-37588920.	-17160521.	-29219302.
27587613.	56782176.	21890601.	10531158.	5923506.	-11947261.	-190230.
152286612.	21890601.	140482720.	55057250.	-35438105.	-15193357.	-27224112.
60696340.	10531158.	55057250.	409880532.	-13702345.	-5830331.	-12069226.
-37588920.	5923506.	-35438105.	-13702345.	11394520.	1777848.	7736274.
-17160521.	-11947261.	-15193357.	-5830331.	1777848.	3429717.	1768058.
-29219302.	-190230.	-27224112.	-12069226.	7736274.	1768058.	14222624.
######################################################################
# Inverse Covariance with rate information (efficiency 0.4)
# 132288473.	22070090.	121829290.	48557072.	-30071136.	-13728416.	-23375441.
# 22070090.	45425741.	17512480.	8424926.	4738805.	-9557809.	-152184.
# 121829290.	17512480.	112386176.	44045800.	-28350484.	-12154686.	-21779290.
# 48557072.	8424926.	44045800.	327904426.	-10961876.	-4664265.	-9655381.
# -30071136.	4738805.	-28350484.	-10961876.	9115616.	1422279.	6189019.
# -13728416.	-9557809.	-12154686.	-4664265.	1422279.	2743773.	1414447.
# -23375441.	-152184.	-21779290.	-9655381.	6189019.	1414447.	11378099.
######################################################################
# Inverse Covariance with rate information (was used for testing)
# 141626796.	28330827.	170686413.	36252334.	-31094813.	-15515378.	-24461394.
# 28330827.	49623534.	50377092.	-1443888.	4052584.	-10755864.	-880212.
# 170686413.	50377092.	399516428.	-488096521.	-33680758.	-21508013.	-27451542.
# 36252334.	-1443888.	-488096521.	7286994417.	-9991448.	-2248281.	-8363070.
# -31094813.	4052584.	-33680758.	-9991448.	9227853.	1618164.	6308070.
# -15515378.	-10755864.	-21508013.	-2248281.	1618164.	3085723.	1622251.
# -24461394.	-880212.	-27451542.	-8363070.	6308070.	1622251.	11504387.
######################################################################
# Inverse Covariance with rate adjustment (was used for testing)
# 164489588.	43658838.	290302129.	    6126940.	    -33601057.	-19890352.	-27120106.
# 43658838.	59900890.	130838727.	    -25605469.	    2372528.	-13689034.	-2662626.
# 290302129.	130838727.	1102490492.	    -1790927722.	-46730738.	-44407539.	-41338781.
# 6126940.	-25605469.	-1790927722.	24324766465.	-7615573.	3666713.	-5199138.
# -33601057.	2372528.	-46730738.	    -7615573.	    9502640.	2097745.	6599539.
# -19890352.	-13689034.	-44407539.	    3666713.	    2097745.	3922910.	2131013.
# -27120106.	-2662626.	-41338781.	    -5199138.	    6599539.	2131013.	11813575.
######################################################################
